STE 0 59 230
0 5 110
0 6 138
0 12 104
0 16 121
0 26 100
5 7 126
5 17 103
5 25 119
5 29 114
6 10 129
6 18 138
6 27 134
12 1 114
12 3 123
12 5 111
12 6 106
12 9 141
12 14 105
12 15 112
12 21 111
12 27 145
12 28 136
16 4 137
16 11 148
16 24 116
16 28 123
26 5 131
26 6 101
26 13 119
26 22 126
1 3 128
1 7 141
1 9 134
1 17 136
1 23 110
1 25 139
1 28 109
3 0 107
3 2 143
3 10 138
3 13 103
3 25 149
3 26 101
7 6 108
7 14 132
7 27 148
7 29 145
9 4 105
9 5 117
9 6 118
9 7 146
9 11 128
9 22 119
17 3 134
17 6 120
23 0 134
23 2 127
23 3 140
23 8 145
23 9 109
23 22 145
23 29 139
25 14 137
25 17 137
25 22 122
25 28 142
28 0 142
28 10 131
28 21 148
2 6 120
2 11 105
2 12 135
2 16 135
2 18 145
2 22 106
2 25 139
2 28 133
11 3 147
11 7 105
11 14 100
11 15 111
11 17 145
11 28 121
18 0 145
18 3 115
18 7 121
18 24 100
22 6 114
22 12 147
22 17 132
22 21 104
22 27 133
10 4 118
10 12 139
10 17 101
10 19 144
10 21 134
10 22 103
10 23 147
13 1 111
13 6 140
13 11 140
13 16 144
13 21 114
4 14 134
4 18 129
4 22 143
4 26 116
4 27 120
14 3 108
14 18 120
14 22 121
14 27 141
14 28 133
27 2 123
27 23 123
27 24 148
29 2 137
29 11 138
29 19 103
29 21 100
29 27 132
8 1 139
8 2 136
8 12 144
8 18 135
8 21 143
8 22 105
8 25 142
8 28 111
21 2 112
21 3 101
21 7 146
21 14 126
21 15 125
21 16 113
21 20 106
19 4 103
19 14 108
19 21 121
19 22 131
19 25 114
19 26 130
19 27 124
19 28 106
15 0 126
15 1 122
15 9 135
15 10 134
15 26 138
24 2 140
24 3 137
24 5 147
24 11 140
24 21 106
24 28 114
24 35 125
20 1 143
20 26 113
30 32 145
30 40 136
30 41 147
30 42 119
30 49 106
30 59 139
32 38 130
32 45 120
32 51 124
32 53 102
32 57 112
32 58 105
40 41 142
40 48 107
40 51 134
40 58 133
41 32 148
41 34 107
41 37 113
41 44 110
41 51 108
41 55 129
41 56 139
42 31 133
42 36 118
42 40 118
42 41 131
42 53 116
42 54 102
42 57 138
42 59 122
49 41 121
49 46 102
49 58 146
59 32 123
59 35 128
59 45 143
59 57 112
31 35 111
31 43 130
31 49 137
35 40 124
35 42 125
35 47 111
35 57 105
43 30 146
43 33 116
43 35 124
38 30 109
38 35 107
38 36 121
38 40 112
38 42 111
38 43 115
38 48 139
38 56 134
38 59 117
45 40 105
45 42 124
45 47 100
45 49 133
45 58 146
51 33 107
51 55 126
53 34 131
53 44 145
53 48 149
53 55 140
53 58 136
57 36 125
57 37 129
57 40 126
57 46 124
58 43 108
58 47 130
58 52 135
33 35 131
33 39 135
33 56 107
39 30 138
39 32 112
39 35 148
39 48 125
39 49 117
39 52 122
39 53 127
39 56 145
56 34 116
56 35 134
56 36 130
56 47 116
34 35 147
34 39 115
34 40 121
34 47 111
34 51 136
34 57 137
34 58 136
47 30 136
47 31 137
47 48 135
47 50 102
47 55 118
36 34 121
36 39 132
36 46 118
36 47 144
36 49 144
46 35 146
46 39 123
46 41 112
46 42 137
46 43 126
46 51 116
46 55 126
46 56 127
46 58 137
37 30 143
37 38 136
37 39 137
37 55 121
37 56 109
37 59 100
55 35 143
55 39 123
55 52 143
55 56 121
48 31 121
48 37 115
48 43 143
48 49 126
48 50 135
48 55 130
48 58 120
52 30 101
52 31 119
52 32 125
52 49 130
52 59 131
44 40 137
44 52 138
44 56 105
44 58 137
54 31 149
54 35 131
54 39 110
54 45 109
54 46 143
54 56 114
50 35 118
50 46 113
50 49 126
50 53 131
50 57 148
