STE 0 149 230
0 1 121
0 2 131
0 11 116
0 12 104
0 14 145
0 19 148
0 22 120
0 23 147
0 26 119
0 27 100
0 30 138
0 31 134
0 33 101
0 37 119
0 39 124
0 43 118
0 46 114
0 47 109
0 48 142
0 51 105
0 52 107
0 56 109
0 59 123
0 60 118
0 61 122
0 64 120
0 66 124
0 67 128
0 68 133
0 70 113
0 72 124
0 78 104
0 86 143
0 88 149
0 89 123
0 97 130
0 98 148
0 100 104
0 102 133
0 103 112
0 105 104
0 106 110
0 111 100
0 112 101
0 113 148
0 118 142
0 125 104
0 132 141
0 135 134
0 137 119
0 141 110
0 142 132
0 143 114
0 146 135
0 148 133
1 3 146
1 4 122
1 13 105
1 15 104
1 25 115
1 26 105
1 27 102
1 29 104
1 30 122
1 40 127
1 46 105
1 54 102
1 61 100
1 64 108
1 65 149
1 68 126
1 70 105
1 72 139
1 78 137
1 79 119
1 83 143
1 84 117
1 88 142
1 91 128
1 93 112
1 101 144
1 105 119
1 107 141
1 108 118
1 111 132
1 113 128
1 119 102
1 120 101
1 121 112
1 122 123
1 124 117
1 125 148
1 127 115
1 128 108
1 130 109
1 134 102
1 143 135
1 145 127
1 147 126
1 149 114
2 1 116
2 3 106
2 8 141
2 11 122
2 12 124
2 13 118
2 17 136
2 19 116
2 23 126
2 24 146
2 26 123
2 27 112
2 30 142
2 33 149
2 36 100
2 37 146
2 41 118
2 42 138
2 43 126
2 46 136
2 47 137
2 53 136
2 59 113
2 60 101
2 66 146
2 67 146
2 72 118
2 73 120
2 75 110
2 79 114
2 81 122
2 83 103
2 85 102
2 91 110
2 94 102
2 97 146
2 102 106
2 103 101
2 105 126
2 110 130
2 116 141
2 117 130
2 120 147
2 121 105
2 128 105
2 132 148
2 140 101
2 141 106
2 143 109
3 8 139
3 10 129
3 12 122
3 14 121
3 16 127
3 17 124
3 18 143
3 19 148
3 21 119
3 27 104
3 28 103
3 30 124
3 32 101
3 35 118
3 37 126
3 39 118
3 42 130
3 43 132
3 47 106
3 55 121
3 56 135
3 60 128
3 61 122
3 62 100
3 64 132
3 70 136
3 74 120
3 76 111
3 80 106
3 81 146
3 84 148
3 88 100
3 94 145
3 99 123
3 103 145
3 104 112
3 106 108
3 115 119
3 119 126
3 125 112
3 127 134
3 129 124
3 131 121
3 132 100
3 135 110
3 137 102
3 140 109
3 145 123
3 148 113
3 149 134
4 5 113
4 6 122
4 8 113
4 12 112
4 15 139
4 16 110
4 17 118
4 18 145
4 19 131
4 23 148
4 27 146
4 34 114
4 35 131
4 38 143
4 39 132
4 43 134
4 47 131
4 49 103
4 50 118
4 53 132
4 55 126
4 57 101
4 61 130
4 62 140
4 64 133
4 69 149
4 70 149
4 72 139
4 73 109
4 75 102
4 80 132
4 83 104
4 86 139
4 90 130
4 96 115
4 100 132
4 104 123
4 105 117
4 107 148
4 115 119
4 116 132
4 117 106
4 121 114
4 125 117
4 127 119
4 128 147
4 129 144
4 130 108
4 131 129
4 134 100
4 135 137
4 139 116
4 143 105
4 144 126
4 146 138
4 147 115
4 148 142
5 0 118
5 2 123
5 4 104
5 8 112
5 11 105
5 16 101
5 17 106
5 20 137
5 22 116
5 25 134
5 29 118
5 32 130
5 36 101
5 37 132
5 38 106
5 42 126
5 43 124
5 44 141
5 47 106
5 51 110
5 59 135
5 61 115
5 71 105
5 73 126
5 77 100
5 81 113
5 84 138
5 88 141
5 90 112
5 92 135
5 93 105
5 94 141
5 95 106
5 96 132
5 97 104
5 99 131
5 102 112
5 103 144
5 107 118
5 108 116
5 110 102
5 112 102
5 113 112
5 116 104
5 118 105
5 131 106
5 132 107
5 134 131
5 138 145
5 140 120
5 144 130
5 147 143
6 0 136
6 3 132
6 5 144
6 7 119
6 8 134
6 12 128
6 13 130
6 15 106
6 21 108
6 31 126
6 34 125
6 42 130
6 52 140
6 53 140
6 56 138
6 58 124
6 60 104
6 61 109
6 71 134
6 77 106
6 80 136
6 88 116
6 96 134
6 101 141
6 109 135
6 113 133
6 129 113
6 131 123
6 133 146
6 134 110
6 135 133
6 137 118
6 138 131
6 140 110
6 144 141
6 145 106
6 147 140
6 148 147
6 149 130
7 1 101
7 6 148
7 8 122
7 18 113
7 19 140
7 21 141
7 23 112
7 26 109
7 30 101
7 31 136
7 34 101
7 36 139
7 38 138
7 43 104
7 44 146
7 45 125
7 46 146
7 49 128
7 54 139
7 55 116
7 60 122
7 63 104
7 64 142
7 69 141
7 71 109
7 72 130
7 75 141
7 76 106
7 79 125
7 82 115
7 87 125
7 95 112
7 96 117
7 98 124
7 99 144
7 101 142
7 102 127
7 109 123
7 111 105
7 112 129
7 120 107
7 133 146
7 136 142
7 137 134
7 139 137
7 143 131
7 144 134
7 148 108
8 0 131
8 6 142
8 9 149
8 10 122
8 11 118
8 15 129
8 17 101
8 19 134
8 22 113
8 24 108
8 28 147
8 29 134
8 35 125
8 44 128
8 51 146
8 53 114
8 54 120
8 55 139
8 56 129
8 61 126
8 64 133
8 66 100
8 71 115
8 75 124
8 84 105
8 85 119
8 87 117
8 93 139
8 94 114
8 96 128
8 99 140
8 103 104
8 104 132
8 111 118
8 113 119
8 115 143
8 116 107
8 118 144
8 125 106
8 127 120
8 129 116
8 133 145
8 136 107
8 137 104
8 138 140
8 139 106
8 143 102
8 148 113
8 149 114
9 5 137
9 8 127
9 10 116
9 11 118
9 13 146
9 21 128
9 23 100
9 24 135
9 30 102
9 32 137
9 33 110
9 34 125
9 35 106
9 39 147
9 40 107
9 43 117
9 50 139
9 56 128
9 63 107
9 66 128
9 69 119
9 72 124
9 82 149
9 91 137
9 92 111
9 93 115
9 94 114
9 98 119
9 101 146
9 102 139
9 108 127
9 116 126
9 120 103
9 121 107
9 126 142
9 131 101
9 135 124
10 3 112
10 7 119
10 8 139
10 9 142
10 13 112
10 15 108
10 17 121
10 30 119
10 32 125
10 34 142
10 37 109
10 40 117
10 45 107
10 46 128
10 47 133
10 51 102
10 57 132
10 58 109
10 59 121
10 61 102
10 63 116
10 70 145
10 73 120
10 74 131
10 75 140
10 78 122
10 80 125
10 84 137
10 85 123
10 89 142
10 90 125
10 91 107
10 93 107
10 96 110
10 100 110
10 105 146
10 107 120
10 109 116
10 111 126
10 116 125
10 125 131
10 128 131
10 130 114
10 131 125
10 132 138
10 148 103
10 149 144
11 1 122
11 4 146
11 7 113
11 10 103
11 16 136
11 21 124
11 23 111
11 25 123
11 33 107
11 34 114
11 36 134
11 39 146
11 40 128
11 41 139
11 42 102
11 44 106
11 45 148
11 47 100
11 49 126
11 51 128
11 57 125
11 58 127
11 59 126
11 61 148
11 62 132
11 63 135
11 66 146
11 70 110
11 79 130
11 81 102
11 83 117
11 85 133
11 86 124
11 90 130
11 92 126
11 95 145
11 96 142
11 98 140
11 99 122
11 104 143
11 108 106
11 111 137
11 112 135
11 113 145
11 116 103
11 122 121
11 124 121
11 132 119
11 138 114
11 139 129
11 142 124
11 143 116
11 145 148
11 149 107
12 2 133
12 3 146
12 4 119
12 13 135
12 20 142
12 31 108
12 42 124
12 44 149
12 55 103
12 59 107
12 60 127
12 62 144
12 63 136
12 66 148
12 74 137
12 75 129
12 87 107
12 88 108
12 89 147
12 96 135
12 100 126
12 105 135
12 108 101
12 111 127
12 115 139
12 120 128
12 135 143
12 136 118
12 137 142
12 140 141
12 148 139
12 149 133
13 4 145
13 10 126
13 15 122
13 16 119
13 32 122
13 35 148
13 38 109
13 42 142
13 43 110
13 44 107
13 46 120
13 50 139
13 51 111
13 52 108
13 53 129
13 60 108
13 62 110
13 65 129
13 69 131
13 71 131
13 76 100
13 77 146
13 78 148
13 80 136
13 83 146
13 86 139
13 88 107
13 89 134
13 91 117
13 92 128
13 97 122
13 104 131
13 105 122
13 107 116
13 113 142
13 119 137
13 121 139
13 122 143
13 126 148
13 127 122
13 128 107
13 130 141
13 131 144
13 134 146
13 138 130
13 139 137
13 141 105
13 142 149
13 146 108
14 0 108
14 7 126
14 9 144
14 19 113
14 21 133
14 24 102
14 25 143
14 29 127
14 36 114
14 41 121
14 45 127
14 52 116
14 55 138
14 57 114
14 58 119
14 60 111
14 63 144
14 69 109
14 71 104
14 75 134
14 79 140
14 81 116
14 84 116
14 85 138
14 93 115
14 96 110
14 97 110
14 98 142
14 99 131
14 101 140
14 102 148
14 105 142
14 106 125
14 108 132
14 110 103
14 114 149
14 116 115
14 117 139
14 125 102
14 128 106
14 131 139
14 132 109
14 137 106
14 147 141
15 11 137
15 14 145
15 24 148
15 28 130
15 30 124
15 31 107
15 37 110
15 39 134
15 41 126
15 44 111
15 48 121
15 50 134
15 57 107
15 61 139
15 66 143
15 70 138
15 71 110
15 73 137
15 83 145
15 84 105
15 85 115
15 106 107
15 114 129
15 117 119
15 118 122
15 119 117
15 127 104
15 138 149
15 142 141
15 148 116
16 0 137
16 1 112
16 2 149
16 3 124
16 4 139
16 5 141
16 8 101
16 17 101
16 18 113
16 21 144
16 28 109
16 30 139
16 31 132
16 32 118
16 34 147
16 36 134
16 37 120
16 38 107
16 45 110
16 46 129
16 47 139
16 55 130
16 56 114
16 59 128
16 66 127
16 69 137
16 71 122
16 72 140
16 75 116
16 77 143
16 80 136
16 84 127
16 87 105
16 89 139
16 91 118
16 92 144
16 93 119
16 96 147
16 97 124
16 100 105
16 102 120
16 103 136
16 105 123
16 107 112
16 109 121
16 117 120
16 118 124
16 128 118
16 134 120
16 135 123
16 138 148
16 141 127
16 142 104
16 144 106
16 146 125
16 147 112
17 2 138
17 9 122
17 10 100
17 11 100
17 12 101
17 18 146
17 21 132
17 22 133
17 26 135
17 28 140
17 29 121
17 32 132
17 34 123
17 35 115
17 40 124
17 42 130
17 44 138
17 47 148
17 55 149
17 62 146
17 65 133
17 69 119
17 81 100
17 83 111
17 89 140
17 90 133
17 92 116
17 93 109
17 98 119
17 103 119
17 106 134
17 108 133
17 109 143
17 113 142
17 115 107
17 118 125
17 122 132
17 124 107
17 130 138
17 134 147
17 137 145
17 139 140
17 140 124
17 143 145
17 144 119
18 4 112
18 5 103
18 7 129
18 8 141
18 16 107
18 21 145
18 22 141
18 23 136
18 24 101
18 25 133
18 26 137
18 35 149
18 37 101
18 41 125
18 43 128
18 53 124
18 60 140
18 69 123
18 70 118
18 84 124
18 85 133
18 87 118
18 89 140
18 94 146
18 96 128
18 101 115
18 102 107
18 105 121
18 107 140
18 108 109
18 114 118
18 115 129
18 116 139
18 117 105
18 118 125
18 124 121
18 126 126
18 128 131
18 132 147
18 141 113
18 143 110
18 144 111
18 149 135
19 1 145
19 6 114
19 8 122
19 9 130
19 11 128
19 13 107
19 21 129
19 26 110
19 27 109
19 29 141
19 30 134
19 37 131
19 38 141
19 40 119
19 46 122
19 50 139
19 54 125
19 55 130
19 56 138
19 59 137
19 60 104
19 61 127
19 62 113
19 63 105
19 66 142
19 71 131
19 72 107
19 84 141
19 85 124
19 88 133
19 90 149
19 91 149
19 92 121
19 95 118
19 102 113
19 106 119
19 110 147
19 116 126
19 121 135
19 126 101
19 130 106
19 131 135
19 133 115
19 134 101
19 138 104
19 139 141
19 144 142
19 147 123
19 148 147
19 149 148
20 0 144
20 9 143
20 12 109
20 16 101
20 17 126
20 19 113
20 22 134
20 23 143
20 24 116
20 27 137
20 28 138
20 29 130
20 32 108
20 33 123
20 40 139
20 48 108
20 49 117
20 51 127
20 52 107
20 56 134
20 59 129
20 64 120
20 65 147
20 72 131
20 74 137
20 76 143
20 78 111
20 82 102
20 84 149
20 85 147
20 86 122
20 88 101
20 89 121
20 90 125
20 91 133
20 96 115
20 97 126
20 98 137
20 100 116
20 102 104
20 103 120
20 106 103
20 107 131
20 108 139
20 110 143
20 114 111
20 116 110
20 118 111
20 119 141
20 120 100
20 123 140
20 135 126
20 140 114
20 142 119
20 145 117
20 146 149
20 148 127
20 149 143
21 3 115
21 4 111
21 6 110
21 10 109
21 12 113
21 14 121
21 17 133
21 23 124
21 24 120
21 26 147
21 31 112
21 33 120
21 34 133
21 48 147
21 49 103
21 51 146
21 52 108
21 58 140
21 60 116
21 62 114
21 63 148
21 75 137
21 76 137
21 77 145
21 79 112
21 80 148
21 85 127
21 86 145
21 88 119
21 91 131
21 94 144
21 100 106
21 101 141
21 102 110
21 108 124
21 112 145
21 118 149
21 121 106
21 127 122
21 138 125
21 144 148
21 148 104
22 0 146
22 3 127
22 5 135
22 9 110
22 11 119
22 17 121
22 19 100
22 20 114
22 21 100
22 25 115
22 32 114
22 43 120
22 44 124
22 47 129
22 51 106
22 52 126
22 60 144
22 64 134
22 67 134
22 73 108
22 79 137
22 84 101
22 86 107
22 92 147
22 95 140
22 102 122
22 106 134
22 108 129
22 109 146
22 111 107
22 112 148
22 114 117
22 115 126
22 117 103
22 118 117
22 123 117
22 129 111
22 134 112
22 135 134
22 136 146
22 139 144
22 140 127
22 143 144
22 147 121
22 149 125
23 0 103
23 3 100
23 4 134
23 6 131
23 10 110
23 16 104
23 19 149
23 20 143
23 22 109
23 24 125
23 29 113
23 31 134
23 43 146
23 49 124
23 53 120
23 64 147
23 68 105
23 69 133
23 75 148
23 76 124
23 81 100
23 82 102
23 87 146
23 90 111
23 93 123
23 94 135
23 102 148
23 107 124
23 108 109
23 114 122
23 117 128
23 118 149
23 123 143
23 125 124
23 129 112
23 133 121
23 137 139
23 142 127
23 147 112
23 148 147
24 2 126
24 5 137
24 6 126
24 14 120
24 15 133
24 18 131
24 25 132
24 31 141
24 40 135
24 45 114
24 46 128
24 50 147
24 54 148
24 55 134
24 61 111
24 64 104
24 70 123
24 73 149
24 75 119
24 76 100
24 81 109
24 82 144
24 88 122
24 91 139
24 92 149
24 95 105
24 96 120
24 98 137
24 100 108
24 106 129
24 107 131
24 109 125
24 113 114
24 115 120
24 119 130
24 121 125
24 126 112
24 129 107
24 131 108
24 134 107
24 135 120
24 142 149
24 144 118
24 148 143
25 7 122
25 10 109
25 13 140
25 17 128
25 22 104
25 24 102
25 27 121
25 33 111
25 37 132
25 43 138
25 45 116
25 46 116
25 49 147
25 50 133
25 51 134
25 52 121
25 53 117
25 55 139
25 57 128
25 67 119
25 68 145
25 80 114
25 81 102
25 85 132
25 90 138
25 95 108
25 96 121
25 97 119
25 102 112
25 103 118
25 105 122
25 110 118
25 112 116
25 113 130
25 121 106
25 122 131
25 127 128
25 145 132
25 147 117
26 3 135
26 4 147
26 6 135
26 8 140
26 10 123
26 11 124
26 12 130
26 14 148
26 15 145
26 19 134
26 20 143
26 21 145
26 23 120
26 24 118
26 28 145
26 31 125
26 32 100
26 35 111
26 45 105
26 49 109
26 51 117
26 56 102
26 71 142
26 73 131
26 75 128
26 77 112
26 80 105
26 82 134
26 86 114
26 88 140
26 90 133
26 95 112
26 98 103
26 100 146
26 104 142
26 105 134
26 107 129
26 109 110
26 112 135
26 123 144
26 125 103
26 129 139
26 133 138
26 136 136
26 137 123
26 138 106
26 139 146
26 141 128
26 148 124
27 1 119
27 2 109
27 7 134
27 11 103
27 17 139
27 24 120
27 26 144
27 28 149
27 29 130
27 33 116
27 34 105
27 36 103
27 37 109
27 43 136
27 45 114
27 48 139
27 49 134
27 50 136
27 54 135
27 55 138
27 57 100
27 68 118
27 69 106
27 71 113
27 73 111
27 84 132
27 87 113
27 91 140
27 92 147
27 97 128
27 98 147
27 99 125
27 100 104
27 101 100
27 102 114
27 103 129
27 105 128
27 107 105
27 108 134
27 109 145
27 110 110
27 129 145
27 134 112
27 136 112
27 137 101
27 138 149
27 139 147
27 141 135
27 143 105
27 145 120
28 2 116
28 8 128
28 10 115
28 20 107
28 21 144
28 26 149
28 30 105
28 32 128
28 43 113
28 45 111
28 47 112
28 49 125
28 51 117
28 52 106
28 60 101
28 66 112
28 69 144
28 71 126
28 72 148
28 77 120
28 81 129
28 82 121
28 83 145
28 85 116
28 88 108
28 95 149
28 96 102
28 102 143
28 103 138
28 105 132
28 107 121
28 109 117
28 113 122
28 121 128
28 125 131
28 139 115
28 144 143
28 145 136
28 147 131
28 148 135
29 2 147
29 7 137
29 8 142
29 9 132
29 10 148
29 14 149
29 15 113
29 19 106
29 21 129
29 27 113
29 33 102
29 37 118
29 42 107
29 43 140
29 44 100
29 48 111
29 52 107
29 53 135
29 54 107
29 56 123
29 57 104
29 60 109
29 63 130
29 65 148
29 73 115
29 75 124
29 76 142
29 80 137
29 81 121
29 86 121
29 90 131
29 94 101
29 103 123
29 104 130
29 112 142
29 116 135
29 121 127
29 122 129
29 123 107
29 127 107
29 128 146
29 131 135
29 133 115
29 134 101
29 136 122
29 140 146
29 142 106
29 143 126
29 146 109
29 147 138
30 0 107
30 5 109
30 7 147
30 9 121
30 10 117
30 11 122
30 12 149
30 17 115
30 21 137
30 22 140
30 24 100
30 26 105
30 27 121
30 29 128
30 33 129
30 34 146
30 43 138
30 44 120
30 48 130
30 50 105
30 57 134
30 58 142
30 59 139
30 62 101
30 66 138
30 70 143
30 71 120
30 73 105
30 75 129
30 77 141
30 82 117
30 85 132
30 87 132
30 88 136
30 91 106
30 95 105
30 101 122
30 103 111
30 107 135
30 108 125
30 111 130
30 112 100
30 114 144
30 118 145
30 122 139
30 126 122
30 129 127
30 131 110
30 134 138
30 140 119
30 143 149
30 148 108
30 149 149
31 1 103
31 5 105
31 8 113
31 9 110
31 14 116
31 16 140
31 20 119
31 21 135
31 29 115
31 32 145
31 33 112
31 39 111
31 41 128
31 43 133
31 44 139
31 45 102
31 58 139
31 61 138
31 67 116
31 73 108
31 77 132
31 78 131
31 85 131
31 102 118
31 103 131
31 107 109
31 109 141
31 113 138
31 115 120
31 116 138
31 117 117
31 120 138
31 122 139
31 125 121
31 128 118
31 135 146
31 136 111
31 139 134
31 143 124
32 6 109
32 19 125
32 22 113
32 37 115
32 41 132
32 50 114
32 51 101
32 52 130
32 56 121
32 65 101
32 69 119
32 72 135
32 74 137
32 75 104
32 77 119
32 81 113
32 84 124
32 89 104
32 90 101
32 94 140
32 96 111
32 98 141
32 107 146
32 113 140
32 117 104
32 122 113
32 123 139
32 127 111
32 129 106
32 132 135
32 137 135
32 139 144
32 140 124
32 141 138
32 146 106
33 3 127
33 5 148
33 7 128
33 13 101
33 16 122
33 19 116
33 22 117
33 24 142
33 25 120
33 28 142
33 34 109
33 35 131
33 36 121
33 47 137
33 48 132
33 49 106
33 51 141
33 52 110
33 53 144
33 54 104
33 55 108
33 56 149
33 57 116
33 62 115
33 67 115
33 69 130
33 70 143
33 75 146
33 79 105
33 80 135
33 82 100
33 83 133
33 86 148
33 87 109
33 89 139
33 93 122
33 95 114
33 100 127
33 101 111
33 108 133
33 111 123
33 115 107
33 117 149
33 118 109
33 127 116
33 129 110
33 130 115
33 137 126
33 138 119
33 141 146
33 143 141
33 144 132
33 148 124
34 1 116
34 2 118
34 5 141
34 6 148
34 10 101
34 12 133
34 16 114
34 17 113
34 18 123
34 20 129
34 21 108
34 27 128
34 31 119
34 32 119
34 36 136
34 37 129
34 43 148
34 47 118
34 50 140
34 53 141
34 71 117
34 73 110
34 74 100
34 79 134
34 84 126
34 87 105
34 88 107
34 90 128
34 91 121
34 104 110
34 106 107
34 107 106
34 108 137
34 109 146
34 110 116
34 114 112
34 115 122
34 116 136
34 118 105
34 119 121
34 121 114
34 127 129
34 128 105
34 132 131
34 133 142
34 138 100
34 140 126
34 141 131
34 146 114
34 148 129
35 1 120
35 4 145
35 8 107
35 13 106
35 18 116
35 23 108
35 24 121
35 28 120
35 32 147
35 34 118
35 36 122
35 38 137
35 41 141
35 47 102
35 51 121
35 53 133
35 54 115
35 57 104
35 63 118
35 67 136
35 68 116
35 69 101
35 74 116
35 75 107
35 78 111
35 83 123
35 88 113
35 90 112
35 91 144
35 93 147
35 94 117
35 95 113
35 97 109
35 99 111
35 101 103
35 102 111
35 105 120
35 107 137
35 109 125
35 112 123
35 118 136
35 123 140
35 125 119
35 131 114
35 132 107
35 133 149
35 135 135
35 138 116
35 139 129
35 141 143
35 142 138
35 145 147
35 146 117
36 2 105
36 4 130
36 7 139
36 8 128
36 9 111
36 10 134
36 12 146
36 15 109
36 17 108
36 21 133
36 26 133
36 29 111
36 30 149
36 31 137
36 34 117
36 39 133
36 40 113
36 41 106
36 52 102
36 55 104
36 56 107
36 59 125
36 67 109
36 68 136
36 70 137
36 71 147
36 80 136
36 81 114
36 85 128
36 92 124
36 94 115
36 95 121
36 97 101
36 99 105
36 106 130
36 107 118
36 108 145
36 110 131
36 114 117
36 119 132
36 121 103
36 122 114
36 125 106
36 131 112
36 132 100
36 133 125
36 135 122
36 136 116
36 138 129
36 141 104
36 147 122
37 0 121
37 2 141
37 3 134
37 4 100
37 12 132
37 14 117
37 16 130
37 19 105
37 20 108
37 23 120
37 25 131
37 28 117
37 32 134
37 33 113
37 40 119
37 43 120
37 44 131
37 48 129
37 51 126
37 54 101
37 56 142
37 57 115
37 59 130
37 61 139
37 68 133
37 69 116
37 71 111
37 75 122
37 79 100
37 80 141
37 81 104
37 83 112
37 87 136
37 89 103
37 95 105
37 96 107
37 97 147
37 99 148
37 100 145
37 105 141
37 108 102
37 110 123
37 112 127
37 118 142
37 120 124
37 121 108
37 124 120
37 127 105
37 128 149
37 131 110
37 132 126
37 134 107
37 139 123
37 141 149
37 145 106
38 0 109
38 3 133
38 4 130
38 5 112
38 6 103
38 7 109
38 8 144
38 10 112
38 13 125
38 18 149
38 19 109
38 20 114
38 26 108
38 27 125
38 35 142
38 37 110
38 60 115
38 61 106
38 62 139
38 63 115
38 64 145
38 67 104
38 74 141
38 76 107
38 82 124
38 87 131
38 97 111
38 100 112
38 104 149
38 108 123
38 111 112
38 112 127
38 117 110
38 120 138
38 121 122
38 129 123
38 131 135
38 134 131
38 140 133
38 142 130
38 143 140
38 144 123
39 0 128
39 8 118
39 9 114
39 14 101
39 21 128
39 22 139
39 24 141
39 30 104
39 33 106
39 35 112
39 43 117
39 54 128
39 55 136
39 56 134
39 57 103
39 63 106
39 68 132
39 73 135
39 74 106
39 75 125
39 76 117
39 77 132
39 84 103
39 89 115
39 92 144
39 93 147
39 100 128
39 106 107
39 117 142
39 118 148
39 119 134
39 121 137
39 122 122
39 125 106
39 126 136
39 128 106
39 138 119
39 142 140
39 144 132
39 146 114
39 148 149
40 5 116
40 6 118
40 7 137
40 10 139
40 11 115
40 14 144
40 19 116
40 25 117
40 26 131
40 27 109
40 28 123
40 30 126
40 34 118
40 42 143
40 45 109
40 51 113
40 57 120
40 62 106
40 63 113
40 65 139
40 66 100
40 72 142
40 74 125
40 76 142
40 79 135
40 80 145
40 98 141
40 100 145
40 101 137
40 103 124
40 106 143
40 107 122
40 108 109
40 110 134
40 116 112
40 121 131
40 122 120
40 124 124
40 126 134
40 128 117
40 130 139
40 135 117
40 137 132
40 139 100
40 141 117
40 142 135
40 145 121
40 146 145
41 0 100
41 4 126
41 8 117
41 11 126
41 12 146
41 15 102
41 22 105
41 27 115
41 31 113
41 36 101
41 38 104
41 39 101
41 47 149
41 48 117
41 49 105
41 53 140
41 55 116
41 56 123
41 61 137
41 63 102
41 64 145
41 65 127
41 66 135
41 69 103
41 70 129
41 71 104
41 74 135
41 76 131
41 78 132
41 79 142
41 83 117
41 87 143
41 88 144
41 98 145
41 101 112
41 103 113
41 104 101
41 105 129
41 111 111
41 117 109
41 118 113
41 119 103
41 129 139
41 134 142
41 135 133
41 148 127
42 6 132
42 14 114
42 17 136
42 25 140
42 26 107
42 27 113
42 29 100
42 31 111
42 32 121
42 34 125
42 35 128
42 40 126
42 45 126
42 47 112
42 50 100
42 54 145
42 55 142
42 59 118
42 66 140
42 71 148
42 75 125
42 76 147
42 78 124
42 79 112
42 83 112
42 90 105
42 93 120
42 94 116
42 95 122
42 98 111
42 100 137
42 102 148
42 108 139
42 110 131
42 111 110
42 117 114
42 124 145
42 133 146
42 147 122
42 148 143
43 0 102
43 3 147
43 6 112
43 7 118
43 12 120
43 22 143
43 23 143
43 30 104
43 42 123
43 44 118
43 48 112
43 51 105
43 52 124
43 54 109
43 57 135
43 63 149
43 64 104
43 68 123
43 70 132
43 72 127
43 74 136
43 84 111
43 87 120
43 90 126
43 93 106
43 106 130
43 107 107
43 110 105
43 111 110
43 112 118
43 114 148
43 117 141
43 120 120
43 124 143
43 125 117
43 126 143
43 128 104
43 132 122
43 141 133
43 142 125
43 149 104
44 0 100
44 3 101
44 4 105
44 6 127
44 8 113
44 9 112
44 11 143
44 14 135
44 15 105
44 18 107
44 19 139
44 23 131
44 28 123
44 31 105
44 37 122
44 46 124
44 48 106
44 51 100
44 52 147
44 64 136
44 76 124
44 77 128
44 78 136
44 79 117
44 80 120
44 82 101
44 84 143
44 85 140
44 90 136
44 93 128
44 97 127
44 100 117
44 102 133
44 106 147
44 108 126
44 111 124
44 114 114
44 115 140
44 120 145
44 128 112
44 133 120
44 137 149
44 143 133
44 147 146
45 0 127
45 2 130
45 3 107
45 4 145
45 7 119
45 15 135
45 16 112
45 19 144
45 23 120
45 27 120
45 29 101
45 30 111
45 31 133
45 33 103
45 35 134
45 40 100
45 41 134
45 46 129
45 47 129
45 48 124
45 49 121
45 50 118
45 52 139
45 54 116
45 56 118
45 72 146
45 78 107
45 81 104
45 85 118
45 91 120
45 95 129
45 101 118
45 103 147
45 105 136
45 107 105
45 109 104
45 112 139
45 113 125
45 115 135
45 122 125
45 125 132
45 130 113
45 134 102
45 137 136
45 139 141
45 140 143
45 142 144
46 1 111
46 2 105
46 5 106
46 10 128
46 11 147
46 13 126
46 16 143
46 20 137
46 21 127
46 27 148
46 35 118
46 36 130
46 39 140
46 41 103
46 42 132
46 45 104
46 47 141
46 53 103
46 56 129
46 60 118
46 62 139
46 69 143
46 70 143
46 71 109
46 77 102
46 80 102
46 86 128
46 88 114
46 91 149
46 94 144
46 96 120
46 105 142
46 108 142
46 112 113
46 117 121
46 118 143
46 130 103
46 134 115
46 136 135
46 138 134
46 140 138
46 145 115
46 148 123
47 4 120
47 5 119
47 13 147
47 14 100
47 16 111
47 17 121
47 20 128
47 21 126
47 23 135
47 25 128
47 26 106
47 27 143
47 32 109
47 37 117
47 43 129
47 46 136
47 48 119
47 57 104
47 58 118
47 60 102
47 64 118
47 67 137
47 72 126
47 74 133
47 75 145
47 81 118
47 86 144
47 95 136
47 97 133
47 102 118
47 103 102
47 104 112
47 106 146
47 110 125
47 117 143
47 118 104
47 120 125
47 123 104
47 127 141
47 128 132
47 133 110
47 140 143
47 141 138
47 142 139
47 143 132
47 147 104
47 148 125
48 1 117
48 3 145
48 6 131
48 7 138
48 8 112
48 9 100
48 10 114
48 12 134
48 13 144
48 14 118
48 17 149
48 19 130
48 20 135
48 21 123
48 24 143
48 27 121
48 33 118
48 37 129
48 41 118
48 42 108
48 44 106
48 47 120
48 51 137
48 52 135
48 53 127
48 62 128
48 66 120
48 68 121
48 69 108
48 70 102
48 71 119
48 80 126
48 81 130
48 87 120
48 91 115
48 92 120
48 93 125
48 99 105
48 100 134
48 107 109
48 114 103
48 115 144
48 122 100
48 123 120
48 124 116
48 126 139
48 127 144
48 131 105
48 134 117
48 136 141
48 137 113
48 140 115
48 143 110
49 1 112
49 4 126
49 5 111
49 6 103
49 8 102
49 20 112
49 23 122
49 24 102
49 25 114
49 27 135
49 28 102
49 32 103
49 33 139
49 35 109
49 37 146
49 41 105
49 50 149
49 51 146
49 52 148
49 55 145
49 58 127
49 62 130
49 64 149
49 71 112
49 74 131
49 75 114
49 78 147
49 85 108
49 86 119
49 88 104
49 89 138
49 93 140
49 98 108
49 100 143
49 103 124
49 109 125
49 112 117
49 114 134
49 119 111
49 121 121
49 127 141
49 129 129
49 135 101
49 139 141
49 140 102
49 145 115
49 146 139
49 147 133
49 148 104
50 2 137
50 8 132
50 10 110
50 12 145
50 14 123
50 18 139
50 22 136
50 28 121
50 30 116
50 41 126
50 53 138
50 60 106
50 64 122
50 67 135
50 68 136
50 76 130
50 77 124
50 79 104
50 82 148
50 88 136
50 91 103
50 93 137
50 99 144
50 100 124
50 107 145
50 111 145
50 112 147
50 117 136
50 120 122
50 123 125
50 125 135
50 128 110
50 130 116
50 131 107
50 132 133
50 140 131
50 141 142
50 147 126
51 0 136
51 6 105
51 8 103
51 9 145
51 17 143
51 20 105
51 22 127
51 27 109
51 28 116
51 29 113
51 31 107
51 32 103
51 39 130
51 42 144
51 44 146
51 45 132
51 46 128
51 52 148
51 53 125
51 66 139
51 67 121
51 77 137
51 78 130
51 83 109
51 86 132
51 87 136
51 88 114
51 90 127
51 93 116
51 96 132
51 99 104
51 100 122
51 101 137
51 105 112
51 106 141
51 107 101
51 109 102
51 112 148
51 114 111
51 116 149
51 117 115
51 129 103
51 134 136
51 135 115
51 140 142
51 143 100
51 146 130
52 2 140
52 4 122
52 6 106
52 7 146
52 8 115
52 9 120
52 10 120
52 11 132
52 12 136
52 17 101
52 21 119
52 22 119
52 24 106
52 27 148
52 37 130
52 60 106
52 62 139
52 64 107
52 65 130
52 66 146
52 71 117
52 76 118
52 82 102
52 87 125
52 90 137
52 91 116
52 95 101
52 96 131
52 102 126
52 105 120
52 112 111
52 113 140
52 117 138
52 118 128
52 135 138
52 137 137
52 138 134
52 142 146
52 145 120
52 146 138
53 1 149
53 6 132
53 8 113
53 9 121
53 12 126
53 13 132
53 22 143
53 24 116
53 28 116
53 33 130
53 38 110
53 39 110
53 44 141
53 48 103
53 51 112
53 54 121
53 62 108
53 63 120
53 64 134
53 65 102
53 66 105
53 73 145
53 84 128
53 85 100
53 87 114
53 92 142
53 94 149
53 96 102
53 97 136
53 100 131
53 103 127
53 104 145
53 106 122
53 111 117
53 114 103
53 119 137
53 125 106
53 128 139
53 129 129
53 135 118
53 137 122
53 139 146
53 141 120
53 142 105
53 144 109
53 145 133
54 0 124
54 5 131
54 6 125
54 8 138
54 11 104
54 12 115
54 13 143
54 16 119
54 17 109
54 18 128
54 21 104
54 25 118
54 27 135
54 29 112
54 33 136
54 34 108
54 35 108
54 38 124
54 41 123
54 47 116
54 59 122
54 65 111
54 74 116
54 79 128
54 81 141
54 82 116
54 83 100
54 84 118
54 88 132
54 91 137
54 97 105
54 103 123
54 108 107
54 116 124
54 117 107
54 121 108
54 122 103
54 125 113
54 126 125
54 127 145
54 128 115
54 138 114
54 139 105
54 147 142
55 10 144
55 13 132
55 18 134
55 32 128
55 35 126
55 38 108
55 43 141
55 45 111
55 52 108
55 56 149
55 59 108
55 62 109
55 64 125
55 71 131
55 74 135
55 77 144
55 83 121
55 85 137
55 86 107
55 90 122
55 91 137
55 94 148
55 104 102
55 106 131
55 109 135
55 113 143
55 116 100
55 117 136
55 123 130
55 128 136
55 133 101
55 141 139
55 146 147
55 147 143
55 149 105
56 3 123
56 12 111
56 15 136
56 23 134
56 25 112
56 28 147
56 31 124
56 38 138
56 39 122
56 40 147
56 45 126
56 54 147
56 55 106
56 57 130
56 58 143
56 65 123
56 69 121
56 75 138
56 78 135
56 83 130
56 89 147
56 91 135
56 97 141
56 105 127
56 106 105
56 110 109
56 111 132
56 112 129
56 116 118
56 117 138
56 122 140
56 123 123
56 128 134
56 137 110
56 140 136
56 141 139
56 142 119
56 143 149
56 149 107
57 5 100
57 6 118
57 7 113
57 8 109
57 12 121
57 15 119
57 20 121
57 25 119
57 34 142
57 35 112
57 37 109
57 40 101
57 42 100
57 45 121
57 46 102
57 48 133
57 50 149
57 53 112
57 54 138
57 61 148
57 63 139
57 67 126
57 75 101
57 77 114
57 79 119
57 80 143
57 81 130
57 84 123
57 88 100
57 90 118
57 91 108
57 96 146
57 101 141
57 103 100
57 112 145
57 113 100
57 119 149
57 124 143
57 129 128
57 130 137
57 131 120
57 133 131
58 3 100
58 6 121
58 8 149
58 12 147
58 13 121
58 14 122
58 16 102
58 20 127
58 21 145
58 23 120
58 24 141
58 26 110
58 30 144
58 36 119
58 39 102
58 45 149
58 46 118
58 48 106
58 51 146
58 52 107
58 69 128
58 73 106
58 74 141
58 76 105
58 84 139
58 85 142
58 87 144
58 88 117
58 96 137
58 104 118
58 108 145
58 112 104
58 113 101
58 119 115
58 127 133
58 133 137
58 137 116
58 141 108
58 145 149
59 0 132
59 2 112
59 3 106
59 6 133
59 17 137
59 18 125
59 24 119
59 27 112
59 35 133
59 36 116
59 37 139
59 38 100
59 42 119
59 43 143
59 48 114
59 49 114
59 50 118
59 53 141
59 56 125
59 57 121
59 58 108
59 66 134
59 67 112
59 69 127
59 71 123
59 74 122
59 76 107
59 78 102
59 79 116
59 82 110
59 83 124
59 84 118
59 93 120
59 96 103
59 97 101
59 103 123
59 104 108
59 109 120
59 112 119
59 115 133
59 121 110
59 124 121
59 126 127
59 134 141
59 135 131
59 139 127
59 141 121
59 142 112
59 145 145
59 149 135
60 9 123
60 12 146
60 14 118
60 15 123
60 18 101
60 22 107
60 28 146
60 29 148
60 33 122
60 36 123
60 48 149
60 49 148
60 51 115
60 61 149
60 66 103
60 67 132
60 70 107
60 80 107
60 82 123
60 86 120
60 89 139
60 92 139
60 94 138
60 103 122
60 107 109
60 109 105
60 111 109
60 113 142
60 114 145
60 117 142
60 120 103
60 123 119
60 126 119
60 128 134
60 130 132
60 133 118
60 138 120
60 139 121
60 140 142
60 141 101
60 142 148
60 144 117
60 146 123
61 4 142
61 5 114
61 8 135
61 10 110
61 17 111
61 21 118
61 22 146
61 25 120
61 29 132
61 32 132
61 37 142
61 41 105
61 43 134
61 45 124
61 51 114
61 53 118
61 54 106
61 57 139
61 62 137
61 64 137
61 65 147
61 66 103
61 67 129
61 79 148
61 80 139
61 87 103
61 89 136
61 90 130
61 91 121
61 93 121
61 99 112
61 101 112
61 102 105
61 106 147
61 107 149
61 111 100
61 112 134
61 114 124
61 119 112
61 123 110
61 124 144
61 126 148
61 127 110
61 128 145
61 133 118
61 135 121
61 137 146
61 143 101
61 145 140
61 146 103
61 147 136
62 1 145
62 2 143
62 3 117
62 6 119
62 11 105
62 12 144
62 13 100
62 17 126
62 20 109
62 26 119
62 28 129
62 32 120
62 33 102
62 53 130
62 56 109
62 57 139
62 59 112
62 66 102
62 68 104
62 69 121
62 71 103
62 76 110
62 77 141
62 80 143
62 81 115
62 82 138
62 85 149
62 86 138
62 90 132
62 98 113
62 103 117
62 112 149
62 113 101
62 115 113
62 122 117
62 123 129
62 125 138
62 132 138
62 136 134
62 138 124
62 140 102
62 143 126
62 144 145
62 149 142
63 11 132
63 12 108
63 15 120
63 16 112
63 21 149
63 24 138
63 27 120
63 32 123
63 37 117
63 40 109
63 44 131
63 47 112
63 49 131
63 52 100
63 53 140
63 57 100
63 60 144
63 61 108
63 64 106
63 66 107
63 69 107
63 71 135
63 73 147
63 74 127
63 77 110
63 93 149
63 95 137
63 100 135
63 102 101
63 109 139
63 113 106
63 115 124
63 116 105
63 117 131
63 121 117
63 123 113
63 124 100
63 127 107
63 129 141
63 133 120
63 137 144
63 146 147
64 0 137
64 4 103
64 5 104
64 8 132
64 9 148
64 11 114
64 18 138
64 23 111
64 25 142
64 26 131
64 34 118
64 35 147
64 37 149
64 45 138
64 48 141
64 52 104
64 53 146
64 54 143
64 55 142
64 58 132
64 60 131
64 62 104
64 63 140
64 65 106
64 66 110
64 67 122
64 68 130
64 69 145
64 72 120
64 74 128
64 77 109
64 85 138
64 87 111
64 91 121
64 92 144
64 93 100
64 94 114
64 105 124
64 112 102
64 115 145
64 121 127
64 122 100
64 124 124
64 131 139
64 132 132
64 136 140
64 140 137
64 145 121
65 0 108
65 3 140
65 4 133
65 9 149
65 13 108
65 15 148
65 17 134
65 21 109
65 25 125
65 35 125
65 42 119
65 49 148
65 51 115
65 57 100
65 59 128
65 63 146
65 66 102
65 70 110
65 75 121
65 79 101
65 82 128
65 83 127
65 84 121
65 85 138
65 89 122
65 97 148
65 100 124
65 111 141
65 119 101
65 120 127
65 122 140
65 124 100
65 125 143
65 127 104
65 128 107
65 136 121
65 139 141
65 140 148
65 142 138
66 5 114
66 7 102
66 12 119
66 14 138
66 18 112
66 21 126
66 25 133
66 26 114
66 36 136
66 37 125
66 42 113
66 43 145
66 53 143
66 56 122
66 57 109
66 58 144
66 61 103
66 65 131
66 75 103
66 76 146
66 81 101
66 82 115
66 85 135
66 87 115
66 90 122
66 94 138
66 95 108
66 96 116
66 99 101
66 102 114
66 104 143
66 111 129
66 112 141
66 119 120
66 122 102
66 123 107
66 126 100
66 131 124
66 132 129
66 135 135
66 137 119
66 141 147
66 142 105
67 2 136
67 5 119
67 9 136
67 14 113
67 17 117
67 19 141
67 22 124
67 23 128
67 26 117
67 32 134
67 38 115
67 45 141
67 49 114
67 54 124
67 55 126
67 58 113
67 66 102
67 68 138
67 69 112
67 74 113
67 76 140
67 78 105
67 79 131
67 82 117
67 85 105
67 92 129
67 99 120
67 101 112
67 102 140
67 103 144
67 104 145
67 108 101
67 110 141
67 117 107
67 120 100
67 122 113
67 124 141
67 125 146
67 126 133
67 128 123
67 129 109
67 130 140
67 132 129
67 140 149
67 141 107
67 143 140
67 145 100
67 147 137
68 1 112
68 3 111
68 7 116
68 9 132
68 10 108
68 11 144
68 16 149
68 19 103
68 22 126
68 24 133
68 27 124
68 30 147
68 31 114
68 34 104
68 35 119
68 41 100
68 42 133
68 43 125
68 46 137
68 52 103
68 55 135
68 56 132
68 63 126
68 69 141
68 70 113
68 75 105
68 76 103
68 77 123
68 83 124
68 85 120
68 86 131
68 94 106
68 95 143
68 101 112
68 102 126
68 103 146
68 104 105
68 106 123
68 109 131
68 117 136
68 120 113
68 121 139
68 125 135
68 129 123
68 130 137
68 131 137
68 135 124
68 137 112
68 139 146
68 145 112
68 146 114
68 149 111
69 0 102
69 4 110
69 6 128
69 8 111
69 12 108
69 16 148
69 17 137
69 18 131
69 19 143
69 20 119
69 22 105
69 23 141
69 26 149
69 27 113
69 47 119
69 51 121
69 55 133
69 57 141
69 61 138
69 62 122
69 63 102
69 65 131
69 67 137
69 70 138
69 77 110
69 91 138
69 92 101
69 98 102
69 101 111
69 103 138
69 104 124
69 105 135
69 106 136
69 109 129
69 110 115
69 111 130
69 116 115
69 118 114
69 121 117
69 122 105
69 126 136
69 128 133
69 131 118
69 133 114
69 134 108
69 135 135
69 140 129
69 141 129
69 145 140
69 147 119
70 1 100
70 7 127
70 18 118
70 20 124
70 23 122
70 24 131
70 25 128
70 29 123
70 30 122
70 33 137
70 37 139
70 38 124
70 40 112
70 42 116
70 46 111
70 47 105
70 48 147
70 52 112
70 57 136
70 58 116
70 68 136
70 76 110
70 83 130
70 85 142
70 88 148
70 89 121
70 91 131
70 96 108
70 98 107
70 99 139
70 103 120
70 114 126
70 118 143
70 124 132
70 128 128
70 132 127
70 137 145
70 143 132
70 146 138
70 149 115
71 6 149
71 17 127
71 19 117
71 21 142
71 24 119
71 25 114
71 26 114
71 29 107
71 30 109
71 35 106
71 38 126
71 40 106
71 42 118
71 43 133
71 45 137
71 46 133
71 49 103
71 52 143
71 56 139
71 62 108
71 63 115
71 65 143
71 69 113
71 73 101
71 77 116
71 79 140
71 87 119
71 91 145
71 92 134
71 96 129
71 99 118
71 103 142
71 106 104
71 107 131
71 109 101
71 110 133
71 116 100
71 121 102
71 124 145
71 128 112
71 129 124
71 135 133
71 143 131
71 145 121
72 1 107
72 10 123
72 13 115
72 14 100
72 21 101
72 22 121
72 24 105
72 27 103
72 28 142
72 30 147
72 32 137
72 37 101
72 38 127
72 41 110
72 42 120
72 46 139
72 47 108
72 48 121
72 51 125
72 55 116
72 63 121
72 65 115
72 73 128
72 75 103
72 85 134
72 87 111
72 92 122
72 97 109
72 100 132
72 104 143
72 113 106
72 114 118
72 117 137
72 118 101
72 132 124
72 141 135
72 144 143
72 147 122
73 5 149
73 10 132
73 12 133
73 13 117
73 16 147
73 17 121
73 21 107
73 25 139
73 27 143
73 29 126
73 31 140
73 33 136
73 34 103
73 35 118
73 38 103
73 40 135
73 47 128
73 52 110
73 60 146
73 62 131
73 67 100
73 71 126
73 72 143
73 76 110
73 79 113
73 83 146
73 86 118
73 88 123
73 90 100
73 91 122
73 92 127
73 95 108
73 100 119
73 106 124
73 107 146
73 110 119
73 111 130
73 112 127
73 116 144
73 118 148
73 124 113
73 127 119
73 128 140
73 131 111
73 132 125
73 135 109
73 137 138
73 139 148
73 143 131
73 148 136
74 1 129
74 6 107
74 8 143
74 10 119
74 13 121
74 23 109
74 26 127
74 27 124
74 32 100
74 35 101
74 38 146
74 39 129
74 41 102
74 45 101
74 46 113
74 47 125
74 50 130
74 53 122
74 54 124
74 56 100
74 58 120
74 61 134
74 63 123
74 65 120
74 78 117
74 83 109
74 95 144
74 96 119
74 98 149
74 104 132
74 105 139
74 107 128
74 109 117
74 110 120
74 114 124
74 123 118
74 128 102
74 129 134
74 132 100
74 139 105
74 141 145
74 143 148
74 146 126
74 148 129
75 3 101
75 5 132
75 8 148
75 10 106
75 11 103
75 16 129
75 29 130
75 31 117
75 40 124
75 42 100
75 46 149
75 48 111
75 49 103
75 51 103
75 52 145
75 54 121
75 57 111
75 58 135
75 62 128
75 73 146
75 74 140
75 76 140
75 83 125
75 87 105
75 90 138
75 91 127
75 100 118
75 105 140
75 107 123
75 109 135
75 111 136
75 113 126
75 116 131
75 117 146
75 126 130
75 130 129
75 131 143
75 132 101
75 134 104
75 136 142
75 139 119
75 140 107
75 141 143
75 142 101
75 145 101
76 0 123
76 4 114
76 11 124
76 12 105
76 16 138
76 18 141
76 19 126
76 20 137
76 22 128
76 25 112
76 27 136
76 32 104
76 33 101
76 35 138
76 36 132
76 38 119
76 46 149
76 50 119
76 53 125
76 54 103
76 64 131
76 65 117
76 66 111
76 68 127
76 72 118
76 73 133
76 74 121
76 77 111
76 81 112
76 86 135
76 87 142
76 88 147
76 90 144
76 91 101
76 92 102
76 96 113
76 99 125
76 100 149
76 111 149
76 112 132
76 118 115
76 119 115
76 124 103
76 126 101
76 131 146
76 134 109
76 135 131
76 137 113
76 142 100
76 146 145
76 148 110
76 149 133
77 0 111
77 1 101
77 2 118
77 3 133
77 4 135
77 5 146
77 10 129
77 19 116
77 21 111
77 31 110
77 39 140
77 42 141
77 44 132
77 47 107
77 48 121
77 51 140
77 53 113
77 57 124
77 61 100
77 62 107
77 63 101
77 64 117
77 69 103
77 70 120
77 73 120
77 76 108
77 78 133
77 80 102
77 81 101
77 83 130
77 86 131
77 94 132
77 97 132
77 101 119
77 102 143
77 113 148
77 114 145
77 121 139
77 126 148
77 128 110
77 135 126
77 136 134
77 137 103
77 141 104
77 143 103
77 146 106
77 148 117
78 15 110
78 19 105
78 24 112
78 25 141
78 27 115
78 30 137
78 34 140
78 35 126
78 41 114
78 45 113
78 46 107
78 48 144
78 49 136
78 50 137
78 52 101
78 64 144
78 65 116
78 67 111
78 71 135
78 72 140
78 74 149
78 79 144
78 83 115
78 85 121
78 92 133
78 97 142
78 103 118
78 108 127
78 109 115
78 114 130
78 124 146
78 131 110
78 134 139
78 136 109
78 148 111
78 149 127
79 2 112
79 4 101
79 8 100
79 20 141
79 21 128
79 22 122
79 23 144
79 30 114
79 39 112
79 49 138
79 56 114
79 58 121
79 59 126
79 60 126
79 62 136
79 68 135
79 72 115
79 80 105
79 82 135
79 83 137
79 90 146
79 93 115
79 94 111
79 99 130
79 103 124
79 119 136
79 128 122
79 131 142
79 135 125
79 136 103
79 144 147
79 148 116
80 2 143
80 4 133
80 6 106
80 9 118
80 13 140
80 21 137
80 24 106
80 25 104
80 26 103
80 29 105
80 32 133
80 34 134
80 45 131
80 46 106
80 47 125
80 51 104
80 57 105
80 58 120
80 62 138
80 68 110
80 69 113
80 74 136
80 75 103
80 77 119
80 81 107
80 86 116
80 88 100
80 91 122
80 93 116
80 97 107
80 99 144
80 101 121
80 105 134
80 108 118
80 109 117
80 110 124
80 118 134
80 122 137
80 123 101
80 124 147
80 127 123
80 139 125
80 141 106
80 142 129
80 143 149
80 145 142
80 149 115
81 1 123
81 2 122
81 3 123
81 6 110
81 13 111
81 18 122
81 19 148
81 20 131
81 23 131
81 28 135
81 29 135
81 31 139
81 32 140
81 34 105
81 35 136
81 38 116
81 48 121
81 52 118
81 62 113
81 64 124
81 65 122
81 67 130
81 70 129
81 71 123
81 73 139
81 74 114
81 79 133
81 85 138
81 88 109
81 90 118
81 95 109
81 97 101
81 99 147
81 108 145
81 109 148
81 112 133
81 114 148
81 116 129
81 118 116
81 120 132
81 121 131
81 127 102
81 128 115
81 130 130
81 135 133
81 137 146
81 142 120
81 148 148
82 2 147
82 5 129
82 7 119
82 9 109
82 15 121
82 23 104
82 32 120
82 35 121
82 38 110
82 40 141
82 46 115
82 48 113
82 49 121
82 56 113
82 58 116
82 60 104
82 69 112
82 71 133
82 72 145
82 73 131
82 75 146
82 77 140
82 78 144
82 80 149
82 83 145
82 86 109
82 87 101
82 91 100
82 92 101
82 93 100
82 101 124
82 102 102
82 109 146
82 112 126
82 118 103
82 119 131
82 121 133
82 126 141
82 132 129
82 136 126
82 144 127
83 0 101
83 2 138
83 3 127
83 6 136
83 7 127
83 9 103
83 10 111
83 13 144
83 17 128
83 18 135
83 19 115
83 25 125
83 29 129
83 33 131
83 37 141
83 41 106
83 42 148
83 44 121
83 47 103
83 48 101
83 49 130
83 52 121
83 54 111
83 56 123
83 58 132
83 59 139
83 61 103
83 63 144
83 66 127
83 68 108
83 69 121
83 72 121
83 73 127
83 75 127
83 76 124
83 79 136
83 80 104
83 85 108
83 94 117
83 102 140
83 104 108
83 110 134
83 113 143
83 120 103
83 121 148
83 124 141
83 125 111
83 126 148
83 129 100
83 131 141
83 132 123
83 135 145
83 140 102
83 142 111
83 146 109
83 148 115
83 149 127
84 0 102
84 1 113
84 2 124
84 3 123
84 5 142
84 6 144
84 8 144
84 11 117
84 18 147
84 20 143
84 22 143
84 23 141
84 28 136
84 33 134
84 45 128
84 62 119
84 72 128
84 73 137
84 74 132
84 80 125
84 81 118
84 87 136
84 89 103
84 92 101
84 97 128
84 100 123
84 102 118
84 104 113
84 107 129
84 112 115
84 124 133
84 129 102
84 130 140
84 132 136
84 135 135
84 136 101
84 137 116
84 141 100
84 143 128
84 144 149
85 1 138
85 4 131
85 6 142
85 10 123
85 11 149
85 15 146
85 17 118
85 19 133
85 24 124
85 27 118
85 28 121
85 36 133
85 38 140
85 50 124
85 51 142
85 53 120
85 55 143
85 57 122
85 58 117
85 61 121
85 64 144
85 66 137
85 67 141
85 68 112
85 71 100
85 74 110
85 78 132
85 87 138
85 95 113
85 96 142
85 104 128
85 107 148
85 118 123
85 119 146
85 120 146
85 122 124
85 123 122
85 124 104
85 125 136
85 129 138
85 130 147
85 131 136
85 135 121
85 145 124
85 149 106
86 0 109
86 4 128
86 5 116
86 7 139
86 8 141
86 10 136
86 12 124
86 14 139
86 15 118
86 17 126
86 22 100
86 24 128
86 29 123
86 31 116
86 33 147
86 37 137
86 38 145
86 39 111
86 45 136
86 47 102
86 48 119
86 52 103
86 59 126
86 60 134
86 64 130
86 66 144
86 67 110
86 69 148
86 71 145
86 72 120
86 80 104
86 82 105
86 84 149
86 85 148
86 100 145
86 108 122
86 119 108
86 125 138
86 135 104
86 136 144
86 139 109
86 141 125
86 145 103
86 147 104
87 9 149
87 16 146
87 20 111
87 21 101
87 23 126
87 25 134
87 31 117
87 32 109
87 35 100
87 38 101
87 44 123
87 48 110
87 58 112
87 59 133
87 60 118
87 63 141
87 64 100
87 67 138
87 68 116
87 71 126
87 72 110
87 75 134
87 79 139
87 84 144
87 90 115
87 95 101
87 100 139
87 102 102
87 106 108
87 107 131
87 109 108
87 125 119
87 131 132
87 132 117
87 133 107
87 138 133
87 139 132
87 141 117
87 142 127
87 145 134
87 148 147
87 149 114
88 2 133
88 5 111
88 6 144
88 7 111
88 10 114
88 13 128
88 16 141
88 20 103
88 23 123
88 27 107
88 30 111
88 34 124
88 37 100
88 38 145
88 46 112
88 47 136
88 50 124
88 52 149
88 54 131
88 63 142
88 64 132
88 65 146
88 67 101
88 71 140
88 72 145
88 75 115
88 78 109
88 80 136
88 83 137
88 87 105
88 90 118
88 92 137
88 94 147
88 96 109
88 100 100
88 101 105
88 105 128
88 108 117
88 110 116
88 113 103
88 119 117
88 122 124
88 123 140
88 127 129
88 130 107
88 133 132
88 134 100
88 135 105
88 136 119
88 139 128
88 140 115
88 141 106
88 143 120
88 146 144
88 147 130
88 148 133
89 0 120
89 7 122
89 10 141
89 13 122
89 27 126
89 29 130
89 32 120
89 35 130
89 37 108
89 39 149
89 40 107
89 41 145
89 43 107
89 46 122
89 47 122
89 51 121
89 52 103
89 58 121
89 59 124
89 62 110
89 68 117
89 70 140
89 71 142
89 72 129
89 76 113
89 78 133
89 80 148
89 85 120
89 86 113
89 87 146
89 90 136
89 95 136
89 100 142
89 112 122
89 119 130
89 124 148
89 132 120
89 139 136
89 142 138
89 143 122
89 144 117
89 147 128
89 148 144
90 1 114
90 4 121
90 6 105
90 7 112
90 11 129
90 12 139
90 16 104
90 20 128
90 25 132
90 26 144
90 39 116
90 41 105
90 42 110
90 45 124
90 46 115
90 48 121
90 50 147
90 58 116
90 59 135
90 60 121
90 61 139
90 62 119
90 63 135
90 64 128
90 65 121
90 67 137
90 71 141
90 72 127
90 75 117
90 78 128
90 79 114
90 80 108
90 83 135
90 88 117
90 93 116
90 94 130
90 98 133
90 102 116
90 103 121
90 106 143
90 116 141
90 119 147
90 123 106
90 126 124
90 134 125
90 136 103
90 137 103
90 138 111
90 146 136
90 148 142
91 0 108
91 1 132
91 4 103
91 16 133
91 21 137
91 22 145
91 23 101
91 30 144
91 33 132
91 35 126
91 36 139
91 37 105
91 42 135
91 45 147
91 46 125
91 47 115
91 50 122
91 52 141
91 57 104
91 64 132
91 67 100
91 68 140
91 72 143
91 76 118
91 77 111
91 78 129
91 80 132
91 84 137
91 87 122
91 88 114
91 93 101
91 97 101
91 98 118
91 101 116
91 103 109
91 108 114
91 113 137
91 115 123
91 116 100
91 124 130
91 129 149
91 133 122
91 139 132
91 145 149
91 148 128
92 0 148
92 2 121
92 4 104
92 9 146
92 15 121
92 20 142
92 21 136
92 28 106
92 30 133
92 36 122
92 38 131
92 45 114
92 48 148
92 50 105
92 56 112
92 58 103
92 60 146
92 67 135
92 68 102
92 71 125
92 72 117
92 73 147
92 83 136
92 85 134
92 86 131
92 87 146
92 91 117
92 94 105
92 95 110
92 97 131
92 98 123
92 100 117
92 101 135
92 103 129
92 107 147
92 109 109
92 111 102
92 118 128
92 121 141
92 127 104
92 130 118
92 134 116
92 135 109
92 141 147
92 146 147
92 149 146
93 0 138
93 1 130
93 2 111
93 11 149
93 17 143
93 26 111
93 30 142
93 34 118
93 42 107
93 44 142
93 46 104
93 47 138
93 48 147
93 55 148
93 58 112
93 63 113
93 66 121
93 68 132
93 70 149
93 72 124
93 74 126
93 80 138
93 83 141
93 85 143
93 86 146
93 87 141
93 90 113
93 92 139
93 94 119
93 95 102
93 96 136
93 97 113
93 99 134
93 101 109
93 104 111
93 108 128
93 110 106
93 115 112
93 117 114
93 119 100
93 120 126
93 129 138
93 132 135
93 139 123
93 141 120
93 146 125
93 148 115
93 149 137
94 1 103
94 3 138
94 10 134
94 14 110
94 22 141
94 24 134
94 25 125
94 26 101
94 29 141
94 30 123
94 32 126
94 40 141
94 42 143
94 44 102
94 47 128
94 55 137
94 58 124
94 62 117
94 66 119
94 68 120
94 71 149
94 72 108
94 75 128
94 76 144
94 85 123
94 88 136
94 89 115
94 95 129
94 106 126
94 113 128
94 114 138
94 121 135
94 125 121
94 134 118
94 138 115
94 139 100
94 141 105
94 144 134
94 146 141
94 148 146
95 4 132
95 11 115
95 14 128
95 16 148
95 17 141
95 19 104
95 21 101
95 25 145
95 26 145
95 27 116
95 32 109
95 33 106
95 36 131
95 37 116
95 39 108
95 40 127
95 42 142
95 48 112
95 52 131
95 53 122
95 58 146
95 61 109
95 63 121
95 70 124
95 80 134
95 82 139
95 83 120
95 89 115
95 90 139
95 91 104
95 96 104
95 97 134
95 102 133
95 105 113
95 106 106
95 107 149
95 109 121
95 113 128
95 117 133
95 118 149
95 120 108
95 122 103
95 125 132
95 131 103
95 133 138
95 136 142
95 137 119
95 141 112
95 149 100
96 0 144
96 4 121
96 9 122
96 11 117
96 12 120
96 31 109
96 36 105
96 39 119
96 40 147
96 49 143
96 51 111
96 53 100
96 54 120
96 73 109
96 75 105
96 76 114
96 89 141
96 93 118
96 99 108
96 100 126
96 102 132
96 103 114
96 108 137
96 112 118
96 113 128
96 114 120
96 117 103
96 121 144
96 126 130
96 129 148
96 132 114
96 136 101
96 144 119
97 2 103
97 12 143
97 14 129
97 15 142
97 16 134
97 24 146
97 27 139
97 33 130
97 35 115
97 45 111
97 46 130
97 47 108
97 48 137
97 49 138
97 51 120
97 53 139
97 57 132
97 63 143
97 64 115
97 67 137
97 69 140
97 74 117
97 79 119
97 80 106
97 82 121
97 85 126
97 90 130
97 95 109
97 98 109
97 100 147
97 102 102
97 103 148
97 104 108
97 106 143
97 108 102
97 112 114
97 116 112
97 117 106
97 119 118
97 121 136
97 126 148
97 128 136
97 131 114
97 135 138
97 137 124
98 0 136
98 1 121
98 5 102
98 7 125
98 11 102
98 14 146
98 15 120
98 19 110
98 22 130
98 32 111
98 35 142
98 40 132
98 45 101
98 46 130
98 48 106
98 50 127
98 55 112
98 63 103
98 69 149
98 77 127
98 78 113
98 82 124
98 84 101
98 90 104
98 95 133
98 97 140
98 99 112
98 104 146
98 105 133
98 107 103
98 108 118
98 116 102
98 117 131
98 123 140
98 132 123
98 133 101
98 137 101
98 138 120
98 139 122
98 144 146
98 147 143
99 2 101
99 5 101
99 10 145
99 12 148
99 15 108
99 24 119
99 27 105
99 29 105
99 30 124
99 31 104
99 38 106
99 40 134
99 45 104
99 46 124
99 51 139
99 52 130
99 54 124
99 58 116
99 61 142
99 62 115
99 64 149
99 67 127
99 70 126
99 75 132
99 79 102
99 83 103
99 89 140
99 90 113
99 94 114
99 95 118
99 98 141
99 105 125
99 106 145
99 108 116
99 109 148
99 112 117
99 115 148
99 117 124
99 122 140
99 126 129
99 132 142
99 134 128
99 135 122
99 139 118
99 144 113
99 146 102
99 149 128
100 1 141
100 9 107
100 23 123
100 24 146
100 30 148
100 32 101
100 34 114
100 35 128
100 38 107
100 40 111
100 41 149
100 42 113
100 46 108
100 49 101
100 54 131
100 55 113
100 59 127
100 60 120
100 62 131
100 64 131
100 67 143
100 68 109
100 70 147
100 73 119
100 77 115
100 84 108
100 91 109
100 94 106
100 96 141
100 97 132
100 98 114
100 106 135
100 108 101
100 111 109
100 116 147
100 117 113
100 118 111
100 120 103
100 127 103
100 129 118
100 135 137
100 139 128
100 143 132
100 145 133
101 1 116
101 4 142
101 8 101
101 13 129
101 21 125
101 34 140
101 38 126
101 40 128
101 42 112
101 43 105
101 50 145
101 53 137
101 55 107
101 59 116
101 60 149
101 63 145
101 64 106
101 67 144
101 69 142
101 70 127
101 72 106
101 75 140
101 76 108
101 79 129
101 82 119
101 83 149
101 90 128
101 91 114
101 94 107
101 95 134
101 97 130
101 100 106
101 104 121
101 106 108
101 107 149
101 115 113
101 116 138
101 117 119
101 118 147
101 122 127
101 125 147
101 129 134
101 134 124
101 137 138
101 144 114
101 146 113
101 149 129
102 0 108
102 3 112
102 5 102
102 6 137
102 8 102
102 10 143
102 11 107
102 12 113
102 15 146
102 26 133
102 29 113
102 30 111
102 35 138
102 40 133
102 46 112
102 48 100
102 55 118
102 58 148
102 61 113
102 69 117
102 71 123
102 77 139
102 78 119
102 81 127
102 82 120
102 85 105
102 90 125
102 91 146
102 94 127
102 96 141
102 103 103
102 105 119
102 106 108
102 111 132
102 114 107
102 118 117
102 121 144
102 122 139
102 130 131
102 137 146
102 138 124
102 143 113
102 145 131
102 146 143
102 148 143
103 4 114
103 7 139
103 8 104
103 9 114
103 10 132
103 11 107
103 15 108
103 17 104
103 18 109
103 22 129
103 24 120
103 27 118
103 28 124
103 30 113
103 32 102
103 36 128
103 43 137
103 46 132
103 47 110
103 50 117
103 63 126
103 64 135
103 65 148
103 66 120
103 67 138
103 74 102
103 81 144
103 86 133
103 87 133
103 92 119
103 94 103
103 99 104
103 100 145
103 101 106
103 104 143
103 106 118
103 108 104
103 111 121
103 120 109
103 124 136
103 126 143
103 130 119
103 132 114
103 136 110
103 138 146
103 139 117
103 140 127
103 142 129
103 147 131
104 9 142
104 11 142
104 15 149
104 17 120
104 22 113
104 31 115
104 34 121
104 41 131
104 44 113
104 47 118
104 48 105
104 50 116
104 51 128
104 53 121
104 55 117
104 56 135
104 58 120
104 65 114
104 66 109
104 67 124
104 71 113
104 88 105
104 91 116
104 93 112
104 95 116
104 97 103
104 98 137
104 99 133
104 101 132
104 110 123
104 112 136
104 114 147
104 122 108
104 123 114
104 128 123
104 129 125
104 130 138
104 131 100
104 133 134
104 134 143
104 136 131
104 143 118
105 3 110
105 4 126
105 10 145
105 11 147
105 12 141
105 21 142
105 29 130
105 31 131
105 33 135
105 37 137
105 38 127
105 40 138
105 41 120
105 45 112
105 49 136
105 52 147
105 54 141
105 55 135
105 57 144
105 71 147
105 73 122
105 83 115
105 88 139
105 93 114
105 94 126
105 95 137
105 100 123
105 101 108
105 102 122
105 104 133
105 108 106
105 113 134
105 115 119
105 117 125
105 119 108
105 120 105
105 122 125
105 126 115
105 132 123
105 133 123
105 134 111
105 138 126
105 143 123
105 144 107
105 148 136
106 0 137
106 2 104
106 6 148
106 8 119
106 9 132
106 15 100
106 17 135
106 18 121
106 21 132
106 24 103
106 25 130
106 27 142
106 33 101
106 36 132
106 38 131
106 44 101
106 48 130
106 51 106
106 54 148
106 56 140
106 57 143
106 58 138
106 59 145
106 61 137
106 62 123
106 65 140
106 66 115
106 69 141
106 71 114
106 72 104
106 78 138
106 81 147
106 87 126
106 88 125
106 89 128
106 90 144
106 91 146
106 93 102
106 95 119
106 100 144
106 105 107
106 108 123
106 113 145
106 120 131
106 122 111
106 125 139
106 127 120
106 129 147
106 132 125
106 134 125
106 144 123
106 145 118
106 146 145
106 147 107
107 5 147
107 8 146
107 10 127
107 14 104
107 15 131
107 18 110
107 24 103
107 26 139
107 28 108
107 30 108
107 33 111
107 41 103
107 44 132
107 47 131
107 53 139
107 70 109
107 71 120
107 72 115
107 74 128
107 79 120
107 80 141
107 81 108
107 83 126
107 84 123
107 91 146
107 92 133
107 98 147
107 99 115
107 101 117
107 103 139
107 105 103
107 106 100
107 108 121
107 113 109
107 116 145
107 119 126
107 125 120
107 127 130
107 133 131
107 148 109
108 1 124
108 3 118
108 5 130
108 11 107
108 14 139
108 18 110
108 20 145
108 21 148
108 30 147
108 31 121
108 34 146
108 36 137
108 37 140
108 39 119
108 48 123
108 49 136
108 54 116
108 55 120
108 59 127
108 60 105
108 64 139
108 66 143
108 74 142
108 78 124
108 92 106
108 95 136
108 97 136
108 98 148
108 100 104
108 106 102
108 115 139
108 118 101
108 120 100
108 128 107
108 130 121
108 141 122
108 143 107
109 0 101
109 5 147
109 6 130
109 9 133
109 13 117
109 16 133
109 17 125
109 27 140
109 34 114
109 36 148
109 48 149
109 51 128
109 56 103
109 59 140
109 60 140
109 61 136
109 74 149
109 76 137
109 81 118
109 82 107
109 84 100
109 85 146
109 87 140
109 92 136
109 94 135
109 96 149
109 102 132
109 103 103
109 104 139
109 105 145
109 122 103
109 123 141
109 124 140
109 133 147
109 141 130
109 142 124
109 145 112
109 147 112
109 149 110
110 1 118
110 3 107
110 9 138
110 11 144
110 12 101
110 14 141
110 19 119
110 20 149
110 26 139
110 30 127
110 35 135
110 36 147
110 40 127
110 41 128
110 43 103
110 55 114
110 60 116
110 63 109
110 65 128
110 68 122
110 72 147
110 73 147
110 78 144
110 79 115
110 82 106
110 86 119
110 89 114
110 90 102
110 99 116
110 102 129
110 105 136
110 116 122
110 121 128
110 125 127
110 128 103
110 129 116
110 133 133
110 144 132
110 149 107
111 0 141
111 4 135
111 5 132
111 12 122
111 13 130
111 14 108
111 18 136
111 21 118
111 25 145
111 26 107
111 31 102
111 34 118
111 37 142
111 41 107
111 42 134
111 48 135
111 54 104
111 55 101
111 77 133
111 81 100
111 86 101
111 87 138
111 91 104
111 92 140
111 93 129
111 95 143
111 99 145
111 101 112
111 102 141
111 104 120
111 109 122
111 114 105
111 119 119
111 124 145
111 126 110
111 128 103
111 129 142
111 135 120
111 137 138
111 139 140
111 147 107
111 148 106
111 149 100
112 0 129
112 2 147
112 3 125
112 10 104
112 11 104
112 12 141
112 13 124
112 14 116
112 18 137
112 21 116
112 22 147
112 26 135
112 33 114
112 40 108
112 43 146
112 49 138
112 50 109
112 51 133
112 53 112
112 55 117
112 57 147
112 64 102
112 67 104
112 71 101
112 73 138
112 78 145
112 83 104
112 84 137
112 85 100
112 86 137
112 88 115
112 90 147
112 93 129
112 94 134
112 97 148
112 99 114
112 100 110
112 101 102
112 105 110
112 106 143
112 108 135
112 111 111
112 113 104
112 122 145
112 125 127
112 126 132
112 132 122
112 135 134
112 136 136
112 137 133
112 139 125
112 141 109
113 0 146
113 2 146
113 12 106
113 14 138
113 16 143
113 18 149
113 20 117
113 23 102
113 24 143
113 25 131
113 28 109
113 36 129
113 37 108
113 39 102
113 40 106
113 44 132
113 46 123
113 50 101
113 54 140
113 55 117
113 57 136
113 62 133
113 66 115
113 69 142
113 74 100
113 80 146
113 82 147
113 83 116
113 85 141
113 89 136
113 95 101
113 98 128
113 99 133
113 105 121
113 106 126
113 107 144
113 108 100
113 110 148
113 114 101
113 119 134
113 121 101
113 122 119
113 123 100
113 129 144
113 130 120
113 135 102
113 136 130
113 137 140
113 138 138
113 147 105
113 148 109
114 2 127
114 4 137
114 12 103
114 13 134
114 14 139
114 17 145
114 20 104
114 22 119
114 23 141
114 24 105
114 25 107
114 33 101
114 35 131
114 37 143
114 38 116
114 39 106
114 40 130
114 44 122
114 45 102
114 51 134
114 56 109
114 59 120
114 64 147
114 68 136
114 74 146
114 78 133
114 79 127
114 87 124
114 89 105
114 90 111
114 91 103
114 94 149
114 96 101
114 98 123
114 103 104
114 105 120
114 109 136
114 110 110
114 111 123
114 113 106
114 115 113
114 116 133
114 118 124
114 123 141
114 124 123
114 127 112
114 128 123
114 131 114
114 135 109
114 138 127
114 139 142
114 143 141
114 146 128
114 148 121
114 149 147
115 1 140
115 4 117
115 5 104
115 7 103
115 10 106
115 16 148
115 19 132
115 20 145
115 22 146
115 24 149
115 35 102
115 38 116
115 44 137
115 45 105
115 50 129
115 53 147
115 56 105
115 58 143
115 60 131
115 62 146
115 66 117
115 69 116
115 72 104
115 80 109
115 82 113
115 91 104
115 94 114
115 95 148
115 98 138
115 103 118
115 104 108
115 106 131
115 107 140
115 110 140
115 111 105
115 113 136
115 114 144
115 117 149
115 118 130
115 129 138
115 133 108
115 134 103
115 135 137
115 137 139
115 142 143
115 144 111
115 146 122
115 148 148
116 2 121
116 5 128
116 9 143
116 13 121
116 18 146
116 24 100
116 28 124
116 29 123
116 30 148
116 31 137
116 34 136
116 36 101
116 40 119
116 44 105
116 45 149
116 52 149
116 61 146
116 63 139
116 66 107
116 68 127
116 70 110
116 72 124
116 77 146
116 80 104
116 83 144
116 84 146
116 87 123
116 88 110
116 93 138
116 94 118
116 95 102
116 97 133
116 99 141
116 102 139
116 103 102
116 106 116
116 110 116
116 115 119
116 125 145
116 126 126
116 132 113
116 133 135
116 137 124
116 140 105
116 148 125
117 1 145
117 2 130
117 7 135
117 9 149
117 11 137
117 12 145
117 15 104
117 18 131
117 21 122
117 26 137
117 27 145
117 28 142
117 32 141
117 33 134
117 39 137
117 44 130
117 45 133
117 46 120
117 47 123
117 48 101
117 51 102
117 55 128
117 62 135
117 63 138
117 64 145
117 70 135
117 75 135
117 83 124
117 87 118
117 92 103
117 104 123
117 106 140
117 113 123
117 114 112
117 116 111
117 118 103
117 121 129
117 122 145
117 124 113
117 129 102
117 137 144
117 138 100
117 139 112
117 145 113
117 146 101
117 147 132
118 0 144
118 2 104
118 4 113
118 6 107
118 12 102
118 17 141
118 19 135
118 20 125
118 24 124
118 28 145
118 32 133
118 33 110
118 41 132
118 42 118
118 45 138
118 47 142
118 51 121
118 64 135
118 65 132
118 66 108
118 69 117
118 73 117
118 76 137
118 85 136
118 88 141
118 89 102
118 90 121
118 93 139
118 94 138
118 97 137
118 103 140
118 108 122
118 112 140
118 113 149
118 114 132
118 116 114
118 120 128
118 121 128
118 122 108
118 123 135
118 125 131
118 126 111
118 128 136
118 130 144
118 131 139
118 138 132
118 141 103
118 149 142
119 2 108
119 5 113
119 6 126
119 12 120
119 13 109
119 16 142
119 21 108
119 23 149
119 24 108
119 33 117
119 37 143
119 38 135
119 42 118
119 47 115
119 51 102
119 52 146
119 53 146
119 57 131
119 59 122
119 62 133
119 65 111
119 67 135
119 69 113
119 71 113
119 72 104
119 79 107
119 83 121
119 85 120
119 91 101
119 95 121
119 96 113
119 100 137
119 102 112
119 106 117
119 107 118
119 108 137
119 110 126
119 113 143
119 118 119
119 121 117
119 123 137
119 128 112
119 132 114
119 135 102
119 136 103
119 143 131
119 147 114
120 4 143
120 11 125
120 17 140
120 18 139
120 20 120
120 22 125
120 23 128
120 24 145
120 26 144
120 29 143
120 30 127
120 34 144
120 38 103
120 43 135
120 45 149
120 47 141
120 48 128
120 50 118
120 52 113
120 53 123
120 62 128
120 71 137
120 72 107
120 76 108
120 79 142
120 82 110
120 84 118
120 85 100
120 89 122
120 94 132
120 95 143
120 97 111
120 103 109
120 104 140
120 109 109
120 111 146
120 115 120
120 118 120
120 121 111
120 123 117
120 127 103
120 129 120
120 131 144
120 133 121
120 135 123
120 138 126
120 142 111
120 148 128
121 0 138
121 1 100
121 13 103
121 15 139
121 19 113
121 20 108
121 22 139
121 28 103
121 32 106
121 34 103
121 37 116
121 38 125
121 39 119
121 45 108
121 46 111
121 53 111
121 54 139
121 57 102
121 59 129
121 60 116
121 70 138
121 72 101
121 79 114
121 89 149
121 90 100
121 91 126
121 93 106
121 96 132
121 99 135
121 100 114
121 105 112
121 108 149
121 112 124
121 113 126
121 117 118
121 122 104
121 124 125
121 127 126
121 128 108
121 135 115
121 136 126
121 138 107
121 139 138
121 146 110
122 0 148
122 1 113
122 8 137
122 10 118
122 12 138
122 14 109
122 17 133
122 20 122
122 29 130
122 31 134
122 36 149
122 40 133
122 41 121
122 43 137
122 47 149
122 52 117
122 53 145
122 54 106
122 57 108
122 58 136
122 63 105
122 67 125
122 70 122
122 73 136
122 74 100
122 78 136
122 85 122
122 88 147
122 89 139
122 96 133
122 97 144
122 98 142
122 99 132
122 101 115
122 108 145
122 116 110
122 128 108
122 129 105
122 131 136
122 132 122
122 137 118
122 141 122
122 146 125
123 3 132
123 8 111
123 13 108
123 19 111
123 20 106
123 21 116
123 29 118
123 34 124
123 38 133
123 41 134
123 44 130
123 45 140
123 48 144
123 59 107
123 61 113
123 71 102
123 72 131
123 74 122
123 79 110
123 81 135
123 83 145
123 84 108
123 87 120
123 88 149
123 89 134
123 92 143
123 93 109
123 95 123
123 100 138
123 103 100
123 107 113
123 110 108
123 115 110
123 116 123
123 117 101
123 121 136
123 125 132
123 136 115
123 139 115
123 142 125
123 146 129
123 148 102
123 149 126
124 0 139
124 1 107
124 4 147
124 10 124
124 14 134
124 20 109
124 23 137
124 25 120
124 31 120
124 40 116
124 44 110
124 47 135
124 48 140
124 52 108
124 56 111
124 60 144
124 65 128
124 67 103
124 69 116
124 74 104
124 75 134
124 76 147
124 79 101
124 80 122
124 85 113
124 86 110
124 87 118
124 88 127
124 93 117
124 94 103
124 95 106
124 100 131
124 101 112
124 106 107
124 108 133
124 112 119
124 115 115
124 119 136
124 121 121
124 125 100
124 126 137
124 128 106
124 133 103
124 135 131
124 141 124
124 144 126
124 146 104
125 0 138
125 2 132
125 4 120
125 5 136
125 6 107
125 15 122
125 16 141
125 19 138
125 21 136
125 23 116
125 24 148
125 25 137
125 28 104
125 31 138
125 32 109
125 36 124
125 38 104
125 39 148
125 40 136
125 42 146
125 45 133
125 48 116
125 50 139
125 54 128
125 56 133
125 57 119
125 58 116
125 60 123
125 61 119
125 63 132
125 67 138
125 69 100
125 73 145
125 78 110
125 80 116
125 81 110
125 88 125
125 90 121
125 92 104
125 93 149
125 95 117
125 100 108
125 105 101
125 118 130
125 120 113
125 140 124
125 144 131
125 145 143
126 3 133
126 6 134
126 8 121
126 9 127
126 12 140
126 15 121
126 17 113
126 21 146
126 30 103
126 36 113
126 39 119
126 41 132
126 45 120
126 51 101
126 56 108
126 59 109
126 60 121
126 61 118
126 62 147
126 64 106
126 67 132
126 73 145
126 78 111
126 80 112
126 81 117
126 83 117
126 88 133
126 89 119
126 90 136
126 92 133
126 94 108
126 97 125
126 98 107
126 106 118
126 107 143
126 110 129
126 113 107
126 124 103
126 127 141
126 129 149
126 130 121
126 132 138
126 136 147
126 137 115
126 142 130
126 143 118
126 146 101
126 147 119
126 148 113
126 149 108
127 3 120
127 7 144
127 25 122
127 27 108
127 28 134
127 31 120
127 35 116
127 36 116
127 37 145
127 43 103
127 48 125
127 49 134
127 50 112
127 54 105
127 58 140
127 67 124
127 75 143
127 76 118
127 80 106
127 88 115
127 93 134
127 101 126
127 103 128
127 104 134
127 108 148
127 109 110
127 116 126
127 117 128
127 119 116
127 123 107
127 126 135
127 128 102
127 133 136
127 136 102
127 138 148
127 142 131
127 143 114
127 148 134
128 1 140
128 3 115
128 4 135
128 8 113
128 10 102
128 11 126
128 13 128
128 19 142
128 24 135
128 25 102
128 26 137
128 31 117
128 34 142
128 35 141
128 36 137
128 37 137
128 38 102
128 40 128
128 49 148
128 50 149
128 52 148
128 54 101
128 55 136
128 58 136
128 60 102
128 65 114
128 75 118
128 77 145
128 81 126
128 82 141
128 83 141
128 85 144
128 88 127
128 97 135
128 99 109
128 111 101
128 112 136
128 114 115
128 116 119
128 117 119
128 121 115
128 122 120
128 129 141
128 131 103
128 135 120
128 137 147
128 140 144
128 143 112
128 144 143
128 145 105
128 146 119
128 149 112
129 0 144
129 2 132
129 3 102
129 8 126
129 10 113
129 11 131
129 17 102
129 32 146
129 41 149
129 44 118
129 45 119
129 46 125
129 49 132
129 54 117
129 57 127
129 64 118
129 65 135
129 68 116
129 74 131
129 80 106
129 90 131
129 101 142
129 109 109
129 110 114
129 114 147
129 117 119
129 121 122
129 122 122
129 123 107
129 124 124
129 128 133
129 143 106
129 144 106
129 146 105
129 148 113
129 149 108
130 1 143
130 4 105
130 11 148
130 15 116
130 17 149
130 20 140
130 25 147
130 27 117
130 28 116
130 31 132
130 33 102
130 34 110
130 39 129
130 41 142
130 44 130
130 46 130
130 47 142
130 48 115
130 51 129
130 53 137
130 54 114
130 57 125
130 60 103
130 61 130
130 62 111
130 65 139
130 66 126
130 69 149
130 72 107
130 74 142
130 75 104
130 76 106
130 78 148
130 87 116
130 88 131
130 92 100
130 95 121
130 96 135
130 99 102
130 101 123
130 104 108
130 105 111
130 116 101
130 117 127
130 118 130
130 120 149
130 121 118
130 123 109
130 124 133
130 126 125
130 134 138
130 136 105
130 137 131
130 141 112
130 142 123
130 143 125
130 145 133
131 4 131
131 6 102
131 13 113
131 16 113
131 18 100
131 21 137
131 22 132
131 23 107
131 25 149
131 31 149
131 39 107
131 41 113
131 42 141
131 44 139
131 45 132
131 50 140
131 51 123
131 53 118
131 56 121
131 61 127
131 63 110
131 70 141
131 73 111
131 74 131
131 75 142
131 76 108
131 81 126
131 85 113
131 86 123
131 88 101
131 90 107
131 92 149
131 93 109
131 94 134
131 95 134
131 98 117
131 99 100
131 102 147
131 105 129
131 107 123
131 111 147
131 112 139
131 115 144
131 126 104
131 130 144
131 132 142
131 139 122
131 140 104
131 141 128
131 144 106
131 146 110
132 0 136
132 4 103
132 6 130
132 11 124
132 13 102
132 15 141
132 17 127
132 20 109
132 25 138
132 30 130
132 31 141
132 32 140
132 33 102
132 37 137
132 39 129
132 43 134
132 47 119
132 49 130
132 52 114
132 54 149
132 56 116
132 57 133
132 64 102
132 65 141
132 66 120
132 79 137
132 85 149
132 86 119
132 94 125
132 97 122
132 101 129
132 107 128
132 109 118
132 110 136
132 120 107
132 121 128
132 140 130
132 141 104
132 143 127
132 144 148
132 145 107
132 148 117
133 0 133
133 1 106
133 11 111
133 12 128
133 14 124
133 17 117
133 18 122
133 20 121
133 22 113
133 27 116
133 29 146
133 33 144
133 34 118
133 37 130
133 41 149
133 46 116
133 56 113
133 57 110
133 58 110
133 69 121
133 70 118
133 78 120
133 79 119
133 83 114
133 84 117
133 86 140
133 87 141
133 89 114
133 91 147
133 96 126
133 98 110
133 99 102
133 102 128
133 104 104
133 106 124
133 113 116
133 114 118
133 115 143
133 116 109
133 117 110
133 118 107
133 119 119
133 121 135
133 122 136
133 125 108
133 126 114
133 127 105
133 128 112
133 129 145
133 130 108
133 134 146
133 142 129
133 143 109
133 147 117
133 149 100
134 0 108
134 2 123
134 3 119
134 7 143
134 9 113
134 11 106
134 13 121
134 15 129
134 19 144
134 23 148
134 28 108
134 29 111
134 36 128
134 41 105
134 43 142
134 44 101
134 54 139
134 55 126
134 58 127
134 60 108
134 63 136
134 64 135
134 66 141
134 68 130
134 72 111
134 73 105
134 78 102
134 80 106
134 87 110
134 91 102
134 93 103
134 101 149
134 102 142
134 103 134
134 107 120
134 108 137
134 110 118
134 112 131
134 116 115
134 117 135
134 118 129
134 119 124
134 124 144
134 128 122
134 132 113
134 138 105
134 142 147
134 143 147
134 144 110
134 146 145
135 1 127
135 3 149
135 4 128
135 8 118
135 10 138
135 13 108
135 16 104
135 17 103
135 31 130
135 33 128
135 34 109
135 35 130
135 37 105
135 41 104
135 42 139
135 44 103
135 48 117
135 49 146
135 60 149
135 62 100
135 64 140
135 65 116
135 68 133
135 76 116
135 77 109
135 80 138
135 83 149
135 84 118
135 86 101
135 92 148
135 93 108
135 97 112
135 98 130
135 99 122
135 100 129
135 106 141
135 112 147
135 116 145
135 123 113
135 127 112
135 128 133
135 136 123
135 140 134
135 142 115
135 144 128
136 0 144
136 2 133
136 3 105
136 4 100
136 5 141
136 6 114
136 7 112
136 14 104
136 15 104
136 23 138
136 32 129
136 33 124
136 38 121
136 41 127
136 43 115
136 47 123
136 48 117
136 49 144
136 59 113
136 61 131
136 62 118
136 65 113
136 71 130
136 75 122
136 77 101
136 79 113
136 84 120
136 85 140
136 88 125
136 89 113
136 93 125
136 96 126
136 99 130
136 100 113
136 102 137
136 103 134
136 104 107
136 105 135
136 106 122
136 108 114
136 109 102
136 112 117
136 113 143
136 122 109
136 125 101
136 126 127
136 135 123
136 137 101
136 143 120
136 146 105
137 3 106
137 7 121
137 8 114
137 12 135
137 15 113
137 17 145
137 24 126
137 28 114
137 30 131
137 31 142
137 33 110
137 35 142
137 37 140
137 47 135
137 48 107
137 50 144
137 51 127
137 54 127
137 60 138
137 61 115
137 67 138
137 70 108
137 73 142
137 80 130
137 86 129
137 87 148
137 90 119
137 92 111
137 101 138
137 103 118
137 106 121
137 111 134
137 112 120
137 113 134
137 114 127
137 117 104
137 118 139
137 126 102
137 133 142
137 136 140
137 143 136
137 148 123
137 149 128
138 7 147
138 10 102
138 12 136
138 19 106
138 20 110
138 22 102
138 24 121
138 28 123
138 33 129
138 39 148
138 41 130
138 51 131
138 53 135
138 56 126
138 62 129
138 63 122
138 70 145
138 77 140
138 81 103
138 84 148
138 95 124
138 98 120
138 103 121
138 106 128
138 107 137
138 108 139
138 110 148
138 113 117
138 114 108
138 117 134
138 121 137
138 125 109
138 133 140
138 135 110
138 139 132
138 140 148
138 141 121
138 146 122
139 0 107
139 1 138
139 14 148
139 15 146
139 17 130
139 28 121
139 29 141
139 31 129
139 33 115
139 39 137
139 41 139
139 44 107
139 46 146
139 54 137
139 59 124
139 65 106
139 67 102
139 73 143
139 75 108
139 81 113
139 82 135
139 88 146
139 93 134
139 94 131
139 100 144
139 101 134
139 102 119
139 105 122
139 112 107
139 117 145
139 118 106
139 121 115
139 126 112
139 127 146
139 130 103
139 135 143
139 137 105
139 140 145
139 141 123
140 4 116
140 7 142
140 14 148
140 23 118
140 26 149
140 30 138
140 31 126
140 36 111
140 42 111
140 45 143
140 53 112
140 62 107
140 64 136
140 66 143
140 69 136
140 71 134
140 75 101
140 80 121
140 81 143
140 82 103
140 86 125
140 88 125
140 89 132
140 93 146
140 95 110
140 101 143
140 104 125
140 105 145
140 108 125
140 109 145
140 112 116
140 113 103
140 115 146
140 117 135
140 118 103
140 119 120
140 121 135
140 122 131
140 126 143
140 127 130
140 129 116
140 136 105
140 139 125
140 141 128
140 149 131
141 2 123
141 5 142
141 12 136
141 15 141
141 31 149
141 36 115
141 37 141
141 38 113
141 40 130
141 43 115
141 47 103
141 48 117
141 50 142
141 59 143
141 60 126
141 62 131
141 64 132
141 72 110
141 73 140
141 75 120
141 76 149
141 81 106
141 82 126
141 85 114
141 88 109
141 95 101
141 97 120
141 98 128
141 99 138
141 101 134
141 102 141
141 111 147
141 112 128
141 113 136
141 117 125
141 118 138
141 119 109
141 122 146
141 123 102
141 124 113
141 128 103
141 129 121
141 130 133
141 134 127
141 135 117
141 137 135
141 148 110
142 0 140
142 4 105
142 5 129
142 9 112
142 12 135
142 13 147
142 15 104
142 18 130
142 21 138
142 22 135
142 24 109
142 27 133
142 31 113
142 35 135
142 37 105
142 39 138
142 44 126
142 48 127
142 49 140
142 50 127
142 53 146
142 56 130
142 63 141
142 66 127
142 69 121
142 73 127
142 74 148
142 77 117
142 88 136
142 90 148
142 92 147
142 95 103
142 96 149
142 97 109
142 98 124
142 100 143
142 101 118
142 109 119
142 110 134
142 111 118
142 112 120
142 114 117
142 115 148
142 116 140
142 117 118
142 119 100
142 123 148
142 124 124
142 131 104
142 133 113
142 136 121
142 140 149
142 145 103
142 149 121
143 3 116
143 7 106
143 9 109
143 13 101
143 14 134
143 18 131
143 20 136
143 28 146
143 29 116
143 32 110
143 39 141
143 45 136
143 47 121
143 54 103
143 66 116
143 69 105
143 72 105
143 74 138
143 78 126
143 82 144
143 86 141
143 88 126
143 91 119
143 92 109
143 96 103
143 99 138
143 100 144
143 104 114
143 111 128
143 113 105
143 116 129
143 140 126
143 144 140
144 7 104
144 16 104
144 21 108
144 31 135
144 41 102
144 42 129
144 44 104
144 45 112
144 46 136
144 50 130
144 54 133
144 71 132
144 73 145
144 74 123
144 75 114
144 80 131
144 81 142
144 88 106
144 89 147
144 91 140
144 92 138
144 94 128
144 95 132
144 102 121
144 103 135
144 104 135
144 107 138
144 111 142
144 112 119
144 119 139
144 121 118
144 123 144
144 125 131
144 130 127
144 135 125
144 137 141
144 138 116
144 141 114
144 142 149
144 149 129
145 1 125
145 8 123
145 9 149
145 10 130
145 11 100
145 19 143
145 27 122
145 34 135
145 37 120
145 38 135
145 39 122
145 40 117
145 42 101
145 45 124
145 48 114
145 50 114
145 54 139
145 56 111
145 62 100
145 64 108
145 67 124
145 73 121
145 74 146
145 75 124
145 78 131
145 79 127
145 82 145
145 87 149
145 89 136
145 93 113
145 94 131
145 103 149
145 107 109
145 108 145
145 114 101
145 117 127
145 118 131
145 126 104
145 128 118
145 134 138
145 135 112
145 137 117
145 138 117
145 139 108
145 141 149
145 143 118
145 147 132
145 148 146
146 2 122
146 10 119
146 13 105
146 14 137
146 16 111
146 18 120
146 21 106
146 24 146
146 27 130
146 29 107
146 31 101
146 33 136
146 35 134
146 38 136
146 39 136
146 40 145
146 41 116
146 42 115
146 49 112
146 52 134
146 55 125
146 63 117
146 66 124
146 68 119
146 71 113
146 73 123
146 74 126
146 75 103
146 78 149
146 79 102
146 81 122
146 82 116
146 83 147
146 84 108
146 85 100
146 88 145
146 93 107
146 96 127
146 97 137
146 101 140
146 104 144
146 105 135
146 107 141
146 110 110
146 111 147
146 113 144
146 124 140
146 126 127
146 127 138
146 128 130
146 129 117
146 130 128
146 132 145
146 139 132
146 140 145
146 142 112
146 149 147
147 4 101
147 6 104
147 9 104
147 11 100
147 15 118
147 16 138
147 21 120
147 28 140
147 36 129
147 45 129
147 46 125
147 49 122
147 51 143
147 53 120
147 57 126
147 60 127
147 63 132
147 69 126
147 70 104
147 77 105
147 81 107
147 82 114
147 83 149
147 85 109
147 87 143
147 90 147
147 93 107
147 95 140
147 100 121
147 101 143
147 102 122
147 104 147
147 105 149
147 110 148
147 111 138
147 113 117
147 114 107
147 118 123
147 122 129
147 126 105
147 138 124
147 142 136
148 2 134
148 3 149
148 4 110
148 8 110
148 9 140
148 10 137
148 12 123
148 15 134
148 19 143
148 24 105
148 25 100
148 26 143
148 28 103
148 33 146
148 35 120
148 41 117
148 43 128
148 45 105
148 46 146
148 52 125
148 55 141
148 58 107
148 61 146
148 69 147
148 75 129
148 81 126
148 82 145
148 86 143
148 87 140
148 90 149
148 100 104
148 106 122
148 117 102
148 123 104
148 126 111
148 131 102
148 134 148
148 135 115
148 147 115
149 7 143
149 12 132
149 13 135
149 14 129
149 18 125
149 19 114
149 20 128
149 25 131
149 27 128
149 28 126
149 32 137
149 38 125
149 44 109
149 47 141
149 48 127
149 50 149
149 52 117
149 53 122
149 56 140
149 63 101
149 64 115
149 67 118
149 73 124
149 74 128
149 77 130
149 79 118
149 84 119
149 91 142
149 92 128
149 93 145
149 94 118
149 97 108
149 100 144
149 102 138
149 103 148
149 104 130
149 105 106
149 108 102
149 110 107
149 112 120
149 113 107
149 116 106
149 117 134
149 125 102
149 126 146
149 127 127
149 128 126
149 133 129
149 137 118
149 138 112
149 143 103
149 145 105
149 146 127
149 147 107
