STE 0 14 230
0 1 107
0 2 117
0 3 140
0 4 148
0 6 128
1 9 130
1 12 102
2 3 147
2 4 120
2 13 135
2 14 141
3 1 140
3 7 117
3 10 103
3 11 137
3 13 131
4 0 112
4 5 135
4 8 142
4 9 112
4 11 119
5 1 112
5 8 125
5 11 139
5 12 138
5 14 106
6 1 149
6 7 127
6 12 148
6 13 135
6 14 137
7 0 144
7 4 143
7 5 124
7 13 101
7 14 107
8 1 124
9 1 145
9 6 125
9 7 145
10 1 125
10 2 137
10 4 112
10 5 137
10 6 134
10 9 145
10 11 126
10 12 122
10 14 128
11 0 147
11 4 139
11 9 136
11 10 103
11 13 145
12 4 123
12 5 147
12 7 117
12 8 147
12 13 138
13 2 133
13 4 101
13 6 130
13 8 117
13 14 129
14 1 111
14 4 126
14 5 100
14 7 100
14 8 133
14 10 128
