STE 0 79 230
0 1 136
0 4 143
0 8 127
0 9 124
0 18 113
0 23 123
0 26 103
0 27 123
0 30 125
0 34 110
0 41 118
0 42 118
0 51 139
0 56 108
0 59 119
0 60 142
0 69 127
0 70 112
0 72 139
0 74 133
0 76 128
0 78 110
0 79 111
1 0 146
1 2 143
1 3 145
1 4 147
1 11 110
1 12 144
1 20 147
1 21 146
1 23 117
1 26 130
1 31 148
1 33 128
1 34 100
1 38 124
1 42 109
1 52 111
1 59 110
1 61 137
1 67 149
1 75 144
1 77 109
1 78 110
2 3 121
2 5 121
2 8 105
2 13 112
2 14 111
2 15 102
2 18 121
2 19 132
2 20 123
2 21 136
2 23 143
2 24 121
2 27 110
2 29 106
2 31 112
2 33 147
2 48 114
2 54 119
2 58 121
2 63 104
2 67 138
2 68 129
2 72 120
2 74 111
2 75 130
3 4 135
3 12 137
3 13 135
3 14 108
3 16 107
3 18 143
3 19 118
3 21 133
3 26 119
3 32 135
3 37 137
3 38 143
3 39 140
3 43 122
3 45 108
3 50 109
3 60 132
3 61 123
3 62 117
3 66 139
3 70 149
3 71 116
3 79 135
4 2 101
4 8 113
4 9 133
4 12 135
4 20 143
4 21 117
4 24 113
4 28 143
4 30 106
4 40 103
4 41 141
4 44 130
4 46 124
4 52 133
4 55 133
4 65 102
4 66 104
4 69 138
4 73 148
5 6 106
5 8 105
5 11 102
5 13 116
5 14 121
5 19 107
5 20 138
5 23 111
5 25 148
5 26 122
5 30 127
5 36 148
5 37 131
5 39 133
5 41 110
5 42 134
5 47 126
5 48 121
5 50 147
5 56 118
5 58 128
5 60 103
5 63 147
5 67 108
5 77 133
5 79 134
6 1 107
6 17 108
6 18 108
6 20 110
6 22 142
6 25 110
6 27 135
6 29 107
6 31 112
6 34 149
6 43 120
6 47 133
6 53 109
6 58 144
6 66 115
7 8 123
7 9 136
7 11 119
7 23 105
7 25 142
7 26 134
7 31 117
7 33 145
7 34 100
7 44 104
7 47 110
7 50 122
7 51 134
7 54 121
7 56 119
7 57 113
7 59 129
7 62 130
7 64 143
7 66 140
7 70 147
7 72 112
7 76 149
7 77 132
7 79 140
8 1 118
8 2 108
8 3 106
8 5 102
8 11 117
8 12 143
8 13 141
8 17 120
8 28 117
8 31 134
8 41 134
8 42 102
8 53 128
8 55 148
8 56 121
8 58 131
8 66 139
8 70 124
8 75 120
8 76 120
9 3 146
9 10 141
9 15 131
9 19 104
9 20 121
9 22 149
9 23 114
9 25 137
9 26 110
9 33 106
9 34 120
9 39 131
9 55 105
9 57 143
9 58 139
9 60 142
9 61 118
9 70 144
9 72 146
9 76 142
9 79 115
10 0 148
10 1 125
10 3 121
10 11 142
10 13 137
10 14 125
10 22 112
10 25 119
10 28 112
10 32 123
10 33 100
10 41 102
10 44 109
10 45 146
10 50 109
10 52 144
10 58 100
10 60 131
10 67 102
10 75 145
10 78 117
11 3 134
11 4 134
11 5 136
11 6 115
11 9 116
11 10 149
11 22 122
11 28 128
11 37 111
11 38 114
11 42 135
11 50 131
11 51 119
11 54 149
11 60 137
11 65 137
11 68 108
11 69 120
11 70 145
11 75 145
11 76 136
11 77 144
11 78 113
11 79 100
12 5 100
12 8 149
12 11 134
12 13 133
12 15 130
12 20 108
12 21 141
12 24 121
12 26 115
12 28 103
12 29 147
12 30 104
12 34 142
12 37 101
12 38 130
12 39 113
12 45 148
12 46 141
12 48 114
12 52 100
12 53 121
12 69 117
12 70 120
12 72 113
12 75 114
12 77 145
13 0 124
13 1 142
13 5 149
13 10 127
13 14 108
13 15 137
13 18 139
13 21 139
13 22 130
13 25 127
13 27 126
13 32 111
13 33 144
13 34 101
13 35 123
13 38 146
13 41 120
13 45 100
13 47 108
13 53 112
13 56 110
13 58 139
13 61 137
13 63 108
13 65 122
13 67 108
13 77 116
14 0 108
14 3 123
14 6 102
14 10 127
14 11 110
14 12 119
14 15 135
14 17 126
14 23 140
14 33 121
14 34 128
14 37 126
14 39 118
14 42 138
14 45 132
14 47 139
14 49 141
14 55 120
14 56 112
14 58 124
14 61 114
14 69 148
14 73 117
14 75 109
14 77 118
15 0 110
15 5 101
15 7 134
15 13 133
15 17 148
15 20 113
15 22 148
15 24 133
15 25 107
15 32 117
15 35 143
15 39 107
15 40 106
15 51 128
15 52 105
15 57 128
15 58 143
15 59 119
15 60 137
15 66 124
15 72 121
15 76 131
16 0 134
16 1 136
16 5 145
16 9 108
16 10 138
16 13 143
16 14 131
16 17 146
16 20 139
16 25 111
16 33 100
16 42 147
16 44 119
16 46 118
16 48 101
16 55 106
16 58 117
16 59 120
16 60 149
16 69 122
16 78 114
17 4 143
17 6 137
17 7 116
17 10 123
17 11 133
17 12 126
17 14 113
17 15 122
17 18 114
17 23 131
17 25 118
17 27 134
17 31 105
17 37 140
17 47 118
17 48 115
17 50 141
17 52 116
17 54 107
17 56 127
17 57 134
17 59 141
17 60 106
17 61 121
17 63 115
17 66 117
17 68 124
17 69 126
17 74 115
17 77 128
18 1 121
18 3 113
18 6 105
18 12 149
18 15 106
18 23 126
18 25 117
18 27 125
18 28 100
18 29 110
18 31 134
18 35 107
18 42 111
18 43 141
18 47 102
18 48 119
18 50 128
18 59 139
18 64 100
18 70 124
18 73 149
18 74 143
18 78 112
18 79 135
19 4 122
19 6 140
19 13 109
19 14 144
19 21 131
19 22 140
19 26 129
19 27 123
19 31 116
19 33 111
19 34 116
19 38 141
19 39 103
19 42 105
19 44 128
19 45 111
19 51 103
19 55 141
19 56 118
19 59 149
19 62 116
19 63 145
19 64 149
19 66 112
19 69 113
19 71 131
19 75 126
19 77 129
19 78 138
19 79 111
20 14 133
20 25 145
20 30 122
20 33 134
20 37 104
20 40 110
20 41 101
20 42 129
20 43 114
20 48 125
20 51 127
20 53 146
20 57 140
20 61 139
20 74 121
20 77 115
21 1 126
21 2 135
21 14 107
21 15 105
21 16 140
21 18 107
21 22 145
21 25 139
21 35 109
21 40 103
21 42 119
21 43 110
21 46 109
21 49 105
21 50 103
21 62 147
21 63 139
21 66 108
21 69 145
21 70 110
21 71 130
21 74 127
21 77 141
22 12 115
22 16 114
22 18 128
22 20 133
22 29 146
22 31 140
22 33 106
22 34 112
22 36 126
22 44 106
22 52 132
22 61 140
22 68 123
22 71 136
22 72 116
22 73 105
23 1 143
23 3 130
23 8 120
23 10 105
23 14 144
23 19 140
23 26 142
23 34 119
23 35 112
23 36 131
23 37 104
23 38 131
23 40 104
23 41 136
23 44 145
23 47 133
23 52 146
23 58 119
23 60 139
23 62 149
23 63 124
23 65 134
23 69 118
24 3 111
24 7 118
24 10 105
24 20 105
24 22 146
24 23 126
24 26 108
24 33 124
24 35 138
24 44 100
24 46 103
24 48 132
24 49 110
24 50 138
24 53 143
24 55 104
24 56 125
24 57 116
24 63 104
24 67 108
24 69 105
24 71 117
24 72 103
24 75 133
25 1 104
25 3 130
25 4 139
25 9 132
25 11 126
25 14 107
25 16 110
25 17 144
25 19 103
25 20 108
25 23 130
25 26 143
25 31 115
25 32 112
25 38 116
25 39 141
25 41 112
25 42 149
25 44 134
25 45 144
25 48 137
25 49 108
25 64 128
25 65 130
25 67 125
25 72 113
25 73 132
25 76 117
25 78 148
26 2 100
26 11 133
26 13 141
26 19 117
26 20 104
26 29 120
26 30 142
26 32 131
26 38 138
26 41 102
26 42 119
26 44 133
26 45 122
26 46 147
26 47 105
26 48 110
26 49 105
26 69 136
26 73 136
27 3 148
27 4 142
27 5 104
27 6 120
27 8 146
27 10 143
27 18 107
27 21 148
27 23 112
27 25 123
27 29 146
27 35 119
27 44 110
27 51 107
27 56 110
27 60 112
27 72 137
27 74 123
27 77 141
28 3 102
28 4 102
28 6 125
28 7 128
28 8 121
28 10 100
28 13 141
28 17 118
28 18 104
28 20 147
28 23 113
28 29 136
28 30 122
28 33 111
28 35 146
28 37 125
28 38 104
28 40 138
28 41 124
28 50 148
28 53 118
28 58 133
28 59 113
28 62 148
28 65 103
28 74 100
28 75 139
29 8 119
29 20 116
29 21 119
29 22 115
29 38 144
29 41 105
29 44 142
29 48 136
29 52 117
29 53 145
29 54 124
29 55 128
29 58 134
29 60 129
29 62 114
29 66 105
29 68 140
29 69 109
29 70 136
29 74 138
29 79 112
30 5 119
30 7 132
30 8 120
30 16 131
30 18 136
30 27 118
30 31 127
30 33 130
30 38 129
30 54 121
30 58 118
30 59 100
30 62 139
30 63 122
30 65 134
30 75 126
31 1 100
31 2 111
31 7 141
31 12 113
31 14 113
31 18 122
31 19 108
31 22 137
31 23 120
31 26 144
31 32 132
31 33 108
31 34 104
31 38 130
31 40 117
31 48 130
31 49 139
31 59 125
31 60 105
31 62 139
31 63 115
31 64 112
31 66 149
31 69 128
31 71 147
32 3 140
32 5 142
32 6 141
32 21 135
32 23 113
32 25 117
32 31 107
32 33 121
32 35 136
32 36 104
32 39 105
32 46 129
32 47 122
32 50 108
32 52 138
32 56 114
32 57 110
32 64 107
32 70 108
32 73 122
33 5 139
33 9 142
33 13 140
33 17 132
33 18 112
33 19 119
33 21 119
33 25 126
33 27 141
33 29 119
33 31 148
33 39 104
33 42 111
33 48 116
33 51 133
33 55 105
33 57 109
33 58 134
33 65 110
33 68 123
33 72 105
33 76 126
33 78 110
34 6 147
34 7 142
34 10 120
34 11 113
34 15 114
34 17 133
34 23 139
34 27 106
34 29 113
34 33 140
34 35 137
34 43 126
34 44 104
34 46 147
34 48 117
34 50 123
34 54 116
34 56 136
34 62 120
34 72 114
34 79 103
35 1 148
35 2 117
35 3 109
35 5 147
35 12 134
35 18 125
35 21 130
35 24 138
35 28 101
35 31 131
35 32 141
35 36 127
35 40 136
35 42 138
35 46 141
35 47 105
35 55 123
35 58 113
35 61 135
35 64 145
35 73 145
35 74 102
35 76 104
35 79 148
36 1 147
36 2 117
36 5 147
36 7 123
36 9 100
36 11 128
36 15 108
36 21 109
36 25 105
36 26 101
36 29 148
36 32 130
36 35 103
36 38 132
36 42 137
36 44 104
36 45 116
36 48 122
36 49 124
36 54 133
36 57 101
36 58 100
36 64 105
36 71 104
36 79 101
37 2 117
37 3 109
37 14 108
37 15 116
37 18 133
37 23 121
37 24 126
37 26 126
37 33 145
37 34 129
37 35 112
37 36 113
37 38 138
37 39 118
37 51 138
37 54 116
37 69 130
37 72 132
38 1 104
38 3 123
38 4 111
38 5 125
38 14 102
38 15 145
38 19 104
38 25 100
38 34 148
38 35 132
38 36 105
38 43 116
38 44 126
38 47 125
38 48 100
38 50 102
38 52 146
38 67 134
38 68 141
38 72 134
38 74 111
38 76 122
39 6 104
39 9 116
39 12 104
39 13 100
39 17 103
39 20 106
39 23 106
39 25 149
39 27 141
39 30 142
39 34 104
39 40 130
39 46 125
39 48 133
39 49 102
39 50 144
39 52 114
39 58 147
39 59 120
39 61 141
39 66 121
39 71 123
39 72 125
39 75 144
39 76 107
40 3 101
40 4 114
40 7 114
40 10 132
40 11 125
40 12 146
40 15 142
40 18 148
40 25 147
40 29 102
40 32 133
40 34 126
40 37 117
40 39 134
40 41 143
40 45 149
40 47 119
40 50 124
40 51 138
40 58 113
40 66 149
40 71 142
40 72 141
40 75 132
41 3 141
41 5 100
41 7 144
41 9 103
41 14 115
41 15 132
41 17 125
41 25 117
41 29 127
41 30 106
41 32 125
41 34 116
41 39 101
41 42 116
41 48 117
41 51 126
41 53 106
41 54 142
41 56 130
41 58 108
41 70 134
41 71 121
41 75 142
41 78 139
41 79 139
42 1 147
42 3 106
42 4 100
42 5 139
42 10 118
42 12 106
42 13 118
42 19 118
42 21 131
42 31 103
42 37 120
42 38 145
42 39 130
42 45 108
42 46 115
42 50 131
42 52 100
42 56 103
42 57 130
42 58 118
42 62 112
42 63 138
42 68 124
42 71 101
43 1 123
43 2 135
43 3 138
43 7 109
43 8 126
43 9 139
43 14 109
43 17 101
43 19 120
43 20 116
43 22 138
43 24 116
43 25 138
43 27 129
43 32 115
43 38 144
43 39 112
43 44 146
43 45 143
43 47 122
43 48 117
43 54 127
43 55 114
43 58 123
43 61 105
43 67 127
43 70 128
43 71 137
43 72 140
43 73 135
43 79 139
44 1 134
44 2 107
44 5 142
44 6 120
44 12 144
44 13 140
44 15 109
44 16 114
44 18 107
44 22 124
44 23 122
44 24 113
44 26 102
44 29 139
44 30 133
44 31 113
44 34 121
44 37 148
44 42 147
44 43 110
44 45 122
44 49 134
44 52 104
44 56 137
44 57 124
44 58 110
44 62 132
44 63 125
45 5 144
45 10 138
45 11 129
45 12 127
45 20 111
45 22 146
45 27 148
45 32 100
45 37 102
45 38 126
45 41 138
45 42 115
45 43 149
45 46 107
45 48 147
45 49 124
45 53 111
45 54 108
45 55 128
45 60 121
45 62 123
45 65 124
45 69 131
45 70 123
45 72 124
45 73 109
45 75 140
45 79 100
46 8 149
46 11 137
46 21 149
46 23 146
46 31 101
46 32 111
46 36 113
46 37 105
46 43 142
46 45 112
46 47 128
46 49 112
46 50 138
46 51 120
46 59 105
46 60 111
46 61 124
46 68 133
46 70 108
46 79 120
47 0 143
47 3 127
47 5 124
47 6 149
47 9 102
47 10 139
47 12 110
47 14 146
47 17 143
47 19 120
47 20 117
47 21 122
47 23 114
47 31 103
47 33 133
47 34 122
47 40 111
47 44 136
47 53 110
47 57 113
47 59 147
47 61 138
47 63 112
47 70 101
47 75 140
48 0 118
48 2 144
48 4 100
48 6 111
48 11 112
48 15 116
48 19 106
48 22 124
48 25 146
48 27 105
48 30 113
48 33 133
48 34 126
48 38 149
48 42 138
48 50 139
48 53 103
48 54 104
48 59 148
48 62 129
48 67 136
48 72 143
48 74 142
48 77 120
48 79 139
49 3 109
49 5 118
49 6 127
49 8 113
49 10 106
49 11 114
49 13 110
49 24 132
49 41 141
49 46 115
49 56 138
49 61 149
49 62 111
49 66 130
49 69 113
49 76 137
49 78 126
50 0 137
50 1 109
50 10 145
50 15 118
50 17 146
50 21 129
50 24 128
50 25 129
50 36 104
50 37 120
50 39 149
50 40 128
50 41 135
50 43 110
50 44 115
50 45 108
50 46 129
50 48 101
50 49 133
50 51 112
50 66 103
50 71 109
50 73 117
50 75 114
50 77 127
50 78 136
51 0 121
51 1 138
51 4 104
51 5 133
51 7 117
51 8 146
51 27 132
51 29 137
51 35 119
51 36 119
51 40 109
51 41 119
51 44 123
51 48 106
51 52 136
51 53 111
51 58 142
51 59 133
51 60 130
51 61 116
51 62 133
51 65 116
51 71 121
51 72 131
51 73 102
51 74 144
52 1 115
52 2 146
52 8 146
52 14 108
52 15 136
52 17 139
52 20 107
52 22 145
52 23 120
52 24 120
52 26 119
52 29 126
52 30 129
52 31 128
52 33 121
52 34 144
52 38 113
52 39 134
52 42 114
52 47 138
52 53 105
52 56 119
52 57 122
52 58 112
52 60 137
52 63 138
52 65 130
52 66 116
52 68 119
52 69 132
52 70 135
52 75 127
53 1 102
53 11 131
53 15 128
53 19 148
53 21 101
53 27 101
53 32 143
53 33 112
53 35 143
53 46 100
53 51 119
53 57 118
53 58 147
53 59 114
53 60 117
53 63 133
53 67 142
53 68 149
53 69 143
53 77 124
53 79 108
54 2 121
54 3 135
54 5 122
54 6 130
54 8 122
54 10 134
54 12 133
54 16 136
54 18 102
54 20 135
54 21 109
54 24 130
54 27 146
54 28 142
54 30 136
54 32 122
54 33 105
54 36 113
54 37 143
54 41 121
54 44 121
54 45 120
54 48 114
54 60 131
54 61 119
54 62 120
54 64 138
54 75 132
55 4 148
55 5 117
55 6 128
55 8 119
55 10 117
55 14 128
55 16 118
55 17 123
55 29 106
55 31 138
55 38 105
55 39 126
55 42 133
55 49 122
55 53 143
55 54 125
55 59 133
55 60 113
55 64 107
55 65 119
55 67 104
55 79 123
56 1 101
56 5 123
56 11 126
56 13 124
56 23 128
56 24 115
56 26 110
56 30 127
56 31 130
56 36 127
56 41 128
56 44 101
56 45 118
56 46 117
56 48 134
56 49 104
56 57 125
56 58 119
56 60 109
56 68 101
56 69 135
56 70 136
57 1 104
57 5 122
57 6 148
57 8 106
57 23 130
57 24 111
57 27 122
57 28 111
57 30 110
57 32 114
57 35 134
57 39 132
57 41 102
57 46 117
57 48 136
57 50 125
57 51 143
57 54 113
57 62 125
57 69 137
57 73 136
57 75 140
57 76 148
57 79 146
58 0 122
58 6 146
58 7 140
58 8 110
58 9 110
58 10 107
58 14 109
58 18 116
58 23 125
58 25 138
58 26 119
58 29 128
58 31 132
58 33 122
58 35 102
58 38 130
58 39 137
58 41 137
58 51 103
58 53 133
58 59 104
58 61 117
58 65 144
58 66 111
58 77 101
58 79 117
59 4 100
59 9 104
59 14 127
59 16 140
59 21 100
59 28 143
59 30 119
59 31 123
59 33 116
59 34 136
59 44 124
59 48 143
59 54 121
59 61 133
59 63 121
59 64 125
59 65 148
59 68 109
59 70 126
59 71 101
59 73 138
59 77 140
59 78 128
60 1 100
60 6 119
60 11 112
60 12 109
60 15 112
60 19 103
60 24 131
60 25 128
60 26 132
60 27 136
60 31 118
60 32 103
60 33 142
60 35 101
60 36 103
60 42 108
60 44 142
60 45 148
60 53 117
60 54 136
60 57 138
60 61 106
60 65 116
60 72 102
60 73 134
60 79 113
61 0 105
61 5 105
61 13 112
61 18 142
61 19 104
61 23 103
61 25 138
61 26 116
61 27 140
61 33 102
61 35 130
61 39 134
61 40 127
61 43 118
61 44 143
61 45 116
61 50 107
61 64 148
61 66 115
61 67 133
61 70 140
61 73 148
61 75 112
61 78 137
62 2 126
62 3 132
62 6 125
62 8 135
62 20 129
62 24 134
62 28 125
62 29 116
62 35 144
62 38 132
62 40 103
62 42 131
62 45 124
62 46 112
62 47 100
62 49 126
62 54 128
62 56 136
62 57 122
62 58 110
62 59 147
62 61 100
62 70 117
62 76 117
62 77 148
63 4 105
63 6 133
63 11 103
63 18 129
63 19 129
63 22 137
63 25 131
63 26 146
63 30 111
63 31 133
63 32 109
63 37 100
63 39 105
63 40 140
63 41 107
63 46 134
63 50 114
63 53 125
63 56 140
63 58 124
63 69 110
63 72 147
63 75 141
63 77 141
64 2 106
64 3 112
64 6 139
64 8 106
64 9 142
64 12 105
64 13 107
64 14 108
64 17 129
64 18 104
64 22 112
64 28 132
64 31 128
64 33 117
64 36 126
64 37 106
64 43 104
64 49 103
64 58 144
64 63 112
64 66 122
64 69 106
64 75 130
64 76 145
64 78 143
65 3 146
65 4 125
65 8 125
65 25 119
65 27 128
65 30 122
65 31 131
65 34 112
65 39 109
65 42 135
65 43 107
65 46 125
65 47 107
65 48 136
65 50 138
65 51 125
65 53 111
65 54 121
65 61 103
65 64 119
65 66 122
65 71 137
65 72 132
65 75 112
66 1 149
66 2 149
66 4 143
66 9 144
66 17 133
66 19 108
66 20 136
66 28 106
66 30 134
66 31 115
66 33 130
66 40 148
66 42 103
66 48 136
66 51 129
66 54 105
66 58 121
66 65 145
66 69 145
66 71 116
66 74 145
66 76 131
67 2 117
67 4 148
67 5 119
67 10 139
67 14 112
67 15 108
67 20 116
67 22 113
67 25 136
67 32 111
67 41 112
67 42 107
67 46 116
67 47 112
67 51 149
67 52 121
67 53 137
67 54 127
67 55 118
67 56 149
67 60 125
67 63 105
67 75 132
67 77 109
68 3 141
68 7 131
68 12 133
68 14 111
68 16 130
68 29 140
68 30 148
68 39 134
68 41 127
68 43 107
68 47 118
68 48 134
68 49 119
68 51 119
68 57 115
68 62 146
68 63 108
68 64 129
68 70 149
68 76 121
69 12 107
69 13 142
69 17 117
69 20 116
69 22 115
69 25 121
69 31 132
69 32 140
69 33 140
69 38 136
69 43 110
69 50 134
69 51 124
69 52 146
69 60 147
69 61 138
69 62 110
69 67 142
69 70 142
69 71 114
69 72 148
69 73 141
69 75 137
69 77 119
69 79 113
70 3 138
70 4 106
70 11 124
70 16 140
70 18 104
70 30 124
70 33 118
70 34 130
70 35 127
70 38 118
70 40 134
70 43 102
70 46 132
70 56 125
70 60 126
70 63 145
70 69 131
70 71 119
70 72 149
70 73 135
70 74 147
71 2 148
71 4 100
71 6 144
71 7 119
71 10 146
71 16 138
71 17 101
71 21 104
71 24 147
71 28 123
71 34 118
71 35 103
71 36 144
71 43 102
71 44 134
71 46 109
71 50 129
71 53 111
71 59 138
71 64 103
71 65 133
71 67 139
71 68 127
71 70 137
71 73 109
71 74 138
71 78 140
72 4 116
72 6 121
72 15 119
72 26 149
72 27 135
72 30 129
72 31 124
72 32 143
72 34 148
72 41 114
72 44 106
72 45 120
72 47 137
72 48 122
72 52 126
72 55 131
72 59 111
72 62 145
72 67 114
72 74 107
73 0 114
73 1 141
73 2 147
73 5 146
73 8 125
73 14 131
73 21 149
73 30 137
73 32 123
73 33 133
73 36 106
73 38 132
73 39 111
73 42 100
73 47 136
73 49 110
73 52 108
73 55 129
73 57 104
73 60 137
73 61 107
73 63 131
73 64 115
73 69 147
73 70 101
74 2 144
74 3 129
74 5 144
74 12 129
74 13 132
74 16 117
74 19 139
74 20 125
74 30 113
74 35 134
74 37 124
74 38 133
74 41 113
74 43 104
74 45 132
74 54 101
74 56 122
74 64 139
74 65 138
74 66 135
74 72 108
74 75 113
75 1 139
75 6 147
75 7 137
75 8 134
75 9 111
75 13 114
75 14 117
75 17 119
75 18 140
75 21 104
75 23 119
75 26 109
75 33 116
75 34 116
75 35 101
75 41 148
75 42 107
75 44 118
75 45 110
75 46 120
75 51 131
75 54 115
75 62 114
75 68 135
75 69 136
75 71 118
75 72 125
75 74 127
76 0 120
76 4 106
76 7 100
76 11 145
76 15 125
76 16 130
76 18 144
76 21 142
76 22 129
76 24 146
76 25 104
76 26 116
76 27 140
76 29 109
76 30 119
76 31 148
76 41 136
76 42 146
76 46 111
76 53 138
76 55 116
76 58 125
76 60 135
76 62 121
76 63 110
76 70 127
76 71 117
76 75 104
76 77 111
77 0 149
77 10 134
77 16 147
77 18 128
77 21 104
77 27 133
77 31 121
77 32 100
77 35 134
77 36 144
77 40 114
77 41 129
77 43 113
77 60 111
77 61 125
77 63 100
77 66 111
77 69 134
77 75 124
77 76 112
77 78 110
78 0 137
78 1 111
78 3 131
78 6 104
78 7 114
78 10 130
78 11 118
78 20 143
78 21 104
78 22 135
78 24 143
78 26 120
78 27 119
78 38 100
78 39 145
78 40 108
78 41 143
78 42 116
78 43 135
78 45 148
78 50 147
78 58 118
78 65 124
78 73 120
78 74 134
78 76 141
79 0 132
79 1 136
79 6 122
79 12 117
79 14 141
79 27 134
79 28 136
79 32 132
79 33 102
79 43 127
79 44 110
79 46 119
79 49 136
79 52 103
79 55 135
79 60 142
79 62 133
79 65 113
79 67 111
79 70 108
79 75 105
79 77 116
79 78 121
