STE 0 99 230
1 0 124
2 1 118
3 2 126
4 3 136
5 4 140
6 5 118
7 6 123
8 7 106
9 8 124
10 0 136
11 1 133
11 10 130
12 2 100
12 11 110
13 3 108
13 12 120
14 4 147
14 13 148
15 5 122
15 14 115
16 6 102
16 15 144
17 7 134
17 16 122
18 8 102
18 17 130
19 9 147
19 18 127
20 10 118
21 11 116
21 20 138
22 12 143
22 21 124
23 13 108
23 22 108
24 14 105
24 23 139
25 15 144
25 24 106
26 16 109
26 25 124
27 17 121
27 26 125
28 18 149
28 27 138
29 19 111
29 28 116
30 20 139
31 21 100
31 30 134
32 22 135
32 31 120
33 23 110
33 32 133
34 24 111
34 33 115
35 25 124
35 34 124
36 26 146
36 35 138
37 27 116
37 36 120
38 28 104
38 37 137
39 29 138
39 38 140
40 30 121
41 31 138
41 40 105
42 32 102
42 41 104
43 33 105
43 42 104
44 34 112
44 43 117
45 35 108
45 44 116
46 36 130
46 45 107
47 37 113
47 46 149
48 38 101
48 47 101
49 39 149
49 48 115
50 40 119
51 41 117
51 50 121
52 42 135
52 51 135
53 43 127
53 52 125
54 44 136
54 53 110
55 45 125
55 54 129
56 46 135
56 55 124
57 47 108
57 56 128
58 48 126
58 57 146
59 49 124
59 58 132
60 50 107
61 51 147
61 60 108
62 52 146
62 61 117
63 53 107
63 62 143
64 54 104
64 63 101
65 55 125
65 64 147
66 56 143
66 65 101
67 57 117
67 66 113
68 58 110
68 67 114
69 59 132
69 68 131
70 60 121
71 61 124
71 70 133
72 62 100
72 71 147
73 63 143
73 72 129
74 64 104
74 73 127
75 65 110
75 74 144
76 66 102
76 75 122
77 67 134
77 76 144
78 68 117
78 77 107
79 69 113
79 78 100
80 70 138
81 71 136
81 80 132
82 72 145
82 81 107
83 73 111
83 82 138
84 74 104
84 83 122
85 75 145
85 84 118
86 76 149
86 85 114
87 77 126
87 86 106
88 78 128
88 87 145
89 79 117
89 88 119
90 80 123
91 81 114
91 90 134
92 82 120
92 91 128
93 83 126
93 92 145
94 84 129
94 93 145
95 85 126
95 94 144
96 86 138
96 95 140
97 87 107
97 96 138
98 88 116
98 97 116
99 89 119
99 98 139
