STE 0 79 230
72 73 132
72 66 136
72 69 126
73 51 143
73 38 144
21 37 117
21 57 104
21 62 146
37 31 138
37 54 102
43 67 111
43 17 108
43 49 129
67 70 110
67 1 136
46 66 131
46 47 119
46 9 136
66 44 105
4 39 139
4 75 116
4 53 136
39 41 100
39 79 100
27 34 138
27 36 148
27 58 144
34 29 134
34 62 149
24 26 107
24 62 100
24 40 105
26 57 117
26 47 127
6 20 136
6 42 101
6 30 147
20 50 148
20 36 147
70 0 136
70 17 147
55 77 110
55 65 125
55 71 120
77 32 130
77 48 115
45 76 140
45 9 103
45 13 116
76 63 102
76 25 109
29 5 103
29 3 149
14 15 119
14 7 134
14 12 140
15 61 112
15 54 120
51 54 139
51 2 127
11 16 110
11 52 146
11 28 125
16 13 138
16 53 119
5 30 105
5 2 143
30 74 125
57 28 123
38 18 111
38 65 119
36 78 102
31 79 133
31 35 115
79 50 106
60 69 148
60 48 140
60 49 147
69 23 134
8 25 127
8 33 109
8 12 120
25 22 107
23 56 116
23 44 135
56 64 133
56 0 103
7 68 144
7 13 116
53 75 112
75 3 143
35 10 137
35 47 123
9 78 139
78 71 107
50 58 109
49 59 140
59 22 142
59 33 144
1 18 148
1 63 146
10 33 112
10 71 109
65 32 124
64 52 132
64 61 117
58 19 134
28 52 124
22 61 112
41 3 129
41 12 149
32 68 129
68 74 107
44 48 102
17 40 116
63 74 140
42 19 135
42 18 101
19 2 140
0 40 103
