STE 0 79 230
13 33 830
13 4 696
13 63 455
33 75 993
33 52 288
10 43 832
10 79 698
10 39 736
43 64 642
43 58 432
27 59 425
27 29 298
27 42 628
59 32 462
59 60 320
54 77 608
54 72 121
54 40 864
77 19 719
77 14 699
2 57 477
2 20 343
2 53 668
57 68 907
57 34 572
11 69 980
11 20 338
11 22 566
69 22 792
69 35 382
6 48 304
6 7 640
6 73 110
48 76 145
48 68 199
46 75 114
46 0 902
46 35 508
75 44 957
26 78 293
26 50 848
26 67 917
78 73 487
78 55 241
1 24 936
1 5 670
1 71 665
24 19 185
24 40 611
41 42 500
41 71 202
41 3 515
42 8 711
16 22 646
16 60 274
16 34 256
15 32 785
15 62 894
15 64 964
32 55 186
17 51 898
17 44 690
17 12 154
51 36 123
51 21 336
37 63 259
37 0 268
37 44 814
63 18 637
45 76 553
45 73 410
45 68 841
76 19 109
14 79 154
14 18 117
79 28 444
62 34 497
62 29 413
18 58 768
58 61 156
4 50 497
4 31 554
50 47 789
0 39 848
72 20 414
72 12 824
7 30 422
7 23 989
30 74 438
30 25 612
9 49 957
9 55 873
9 64 440
49 23 884
49 52 905
38 39 802
38 25 410
38 60 266
52 74 867
74 21 235
40 12 534
35 67 953
67 36 228
29 8 478
47 65 544
47 3 681
53 66 825
53 21 849
66 3 993
66 61 361
23 70 678
25 65 125
36 61 461
70 56 504
70 28 509
5 56 353
5 31 756
8 31 438
71 65 132
56 28 690
