STE 0 199 230
61 162 125
61 95 140
61 139 119
162 9 116
162 189 108
149 165 126
149 76 114
149 129 125
165 138 118
165 14 144
138 29 122
138 19 126
168 187 119
168 3 128
168 33 124
187 196 147
187 15 108
64 78 131
64 48 127
64 57 148
78 180 136
78 10 126
16 38 110
16 15 136
16 37 111
38 176 115
38 132 143
24 170 125
24 156 136
24 131 116
170 87 103
170 32 141
65 171 118
65 67 148
65 179 122
171 70 119
171 160 130
109 150 121
109 36 146
109 102 133
150 14 135
150 183 106
9 72 120
9 159 120
72 31 115
72 154 116
20 157 112
20 44 123
20 185 123
157 84 148
157 7 144
134 158 119
134 32 144
134 56 123
158 179 108
158 31 103
14 186 142
11 197 111
11 17 121
11 26 144
197 31 115
197 180 144
0 142 107
0 66 134
0 42 115
142 40 126
142 95 132
22 53 121
22 89 120
22 123 139
53 86 116
53 188 109
80 159 116
80 135 138
80 63 134
159 97 121
3 140 139
3 130 113
66 151 142
66 75 105
151 143 116
151 8 125
96 97 104
96 101 110
96 139 125
97 104 149
180 161 127
29 141 138
29 153 120
141 33 134
141 56 126
30 39 131
30 98 122
30 145 149
39 108 133
39 114 143
135 177 100
135 194 108
177 114 125
177 178 101
179 4 112
152 193 111
152 167 108
152 166 113
193 87 126
193 117 147
18 83 107
18 126 148
18 167 123
83 133 115
83 36 117
186 82 142
186 12 141
47 183 133
47 68 124
47 85 107
183 108 132
59 112 115
59 6 148
59 105 108
112 92 108
112 181 121
62 147 128
62 103 105
62 137 137
147 146 110
147 122 104
19 121 129
19 2 141
121 100 126
121 23 136
127 191 117
127 125 106
127 13 146
191 35 101
191 122 148
10 63 117
10 111 112
63 131 108
133 100 130
133 79 117
12 27 147
12 155 138
27 93 145
27 124 113
108 189 115
129 130 138
129 13 127
130 89 102
155 100 106
155 196 108
76 136 130
76 195 132
136 132 128
136 184 105
104 105 107
104 4 145
82 73 110
82 164 107
28 87 126
28 185 105
28 75 122
6 154 112
6 25 107
57 77 126
57 195 145
77 184 123
77 195 115
13 69 134
33 58 134
161 153 113
161 94 119
105 169 105
15 50 127
1 145 102
1 103 148
1 123 113
145 143 114
41 163 116
41 85 140
41 103 115
163 110 123
163 132 116
34 60 127
34 26 112
34 120 131
60 119 144
60 95 116
58 124 115
58 199 119
124 176 123
156 137 134
156 169 126
50 175 116
50 36 111
175 17 103
175 92 130
111 144 135
111 117 139
85 114 136
37 74 114
37 52 147
74 182 147
74 17 124
25 118 109
25 110 107
118 160 130
118 98 124
189 192 148
2 125 140
2 42 142
125 144 128
176 32 116
131 137 137
55 164 126
55 43 115
55 120 125
164 115 103
93 166 130
93 26 121
178 144 100
178 86 127
70 148 136
70 199 107
101 99 107
101 123 114
98 107 140
166 119 129
160 52 114
107 146 126
107 196 118
44 51 128
44 174 144
51 198 146
51 90 113
68 88 148
68 54 138
71 99 127
71 190 131
71 173 101
99 126 123
43 116 115
43 115 143
67 21 137
67 128 128
84 184 113
84 88 111
143 146 121
75 113 116
69 140 135
69 185 102
79 46 105
79 194 123
126 46 139
120 198 104
88 154 113
45 128 140
45 52 122
45 182 142
128 188 100
48 90 140
48 23 117
90 21 120
119 54 124
169 194 123
182 117 105
89 35 112
140 49 146
21 91 142
91 173 115
91 7 138
198 5 112
94 148 109
94 106 103
148 56 137
35 199 148
54 188 121
173 172 100
73 113 120
73 40 110
102 106 121
102 190 137
81 86 127
81 46 115
81 106 141
92 181 108
181 4 138
115 42 129
5 139 131
5 49 118
167 40 123
23 172 110
172 190 133
116 174 137
116 153 110
174 192 121
8 113 139
8 122 144
110 192 146
7 49 101
