STE 0 149 230
0 1 149
1 2 128
2 3 127
2 65 107
3 4 101
4 107 115
5 6 125
6 7 118
7 8 134
8 9 125
9 10 149
10 11 126
11 12 108
12 110 132
13 14 131
14 75 107
14 120 140
15 16 146
16 17 101
16 89 129
17 18 125
18 19 111
19 94 146
20 21 148
21 22 103
22 23 120
23 111 127
24 25 137
25 26 116
26 133 149
26 43 121
27 28 137
28 29 128
29 30 119
30 31 149
31 32 119
32 33 132
33 34 111
34 35 147
35 36 130
36 37 124
37 38 123
38 134 125
39 40 147
40 41 132
41 42 119
42 43 124
44 45 136
45 46 107
45 149 106
46 47 100
46 55 110
47 48 134
48 49 119
49 50 103
50 51 113
51 52 120
52 97 105
53 54 123
54 55 148
56 57 138
57 58 122
57 115 100
58 59 105
59 60 124
60 61 143
60 98 119
61 116 148
62 63 124
63 64 113
64 65 101
66 67 129
67 68 121
68 69 144
68 133 142
69 149 141
70 71 139
71 72 139
72 86 109
73 74 109
74 75 112
75 76 132
76 77 136
77 78 146
77 94 107
77 101 117
78 79 127
78 131 129
79 80 121
80 81 142
81 82 101
82 112 126
83 84 126
84 85 126
85 86 128
86 87 118
87 88 137
88 89 124
88 147 144
90 91 148
91 92 145
91 125 122
91 127 115
92 93 140
93 94 111
95 96 113
96 97 149
97 98 120
99 100 137
100 101 108
102 103 124
103 104 136
104 105 134
105 106 111
106 107 148
107 108 132
108 109 132
109 110 130
110 111 117
111 112 148
112 113 129
113 114 148
114 115 132
116 117 128
117 118 117
118 119 105
119 120 108
121 122 137
122 123 142
123 124 139
124 125 129
126 127 112
128 129 122
128 143 134
129 130 134
130 131 133
132 133 121
134 135 140
135 136 113
136 137 136
137 138 111
138 139 136
139 140 137
140 141 117
141 142 127
142 143 127
144 145 111
145 146 103
146 147 112
148 149 108
