STE 0 79 230
0 1 127
0 79 123
1 2 131
1 54 101
2 3 139
3 4 109
4 5 124
5 6 125
6 7 128
6 75 149
7 8 140
8 9 117
9 10 132
10 11 132
11 51 148
12 13 110
13 14 122
14 15 147
15 16 121
16 17 140
17 18 103
17 64 106
18 19 130
19 20 126
20 21 143
21 57 121
22 23 122
23 24 149
24 25 131
25 57 120
26 27 142
27 28 101
28 29 107
29 30 128
30 31 110
31 32 112
32 52 140
33 34 101
34 35 135
35 36 148
36 37 122
37 38 128
38 39 113
38 43 105
39 40 123
40 63 135
41 42 120
42 43 138
42 59 134
44 45 116
45 46 119
46 47 124
47 48 134
48 49 112
49 50 117
50 51 131
51 64 100
52 53 126
53 54 126
55 56 141
56 57 101
57 58 112
58 59 137
59 68 125
60 61 104
61 62 119
62 63 129
63 64 108
65 66 144
66 67 119
67 68 110
69 70 126
70 71 142
71 72 100
72 73 145
73 74 121
74 75 100
76 77 144
77 78 101
78 79 117
